ts_code,trade_date,open,high,low,close,pre_close,pct_chg,vol,amount
000001.SZ,20250225,11.56,11.58,11.46,11.47,11.59,-1.0354,917156.02,1055685.157
000002.SZ,20250225,7.75,7.86,7.67,7.68,7.82,-1.7903,1771479.75,1369423.942
000004.SZ,20250225,12.8,13.48,12.8,13.2,12.78,3.2864,175625.37,232086.429
000006.SZ,20250225,6.44,6.57,6.38,6.41,6.52,-1.6871,266472.04,171975.706
000007.SZ,20250225,6.61,6.61,6.43,6.45,6.61,-2.4206,51840.16,33590.6
000008.SZ,20250225,2.89,2.93,2.85,2.9,2.92,-0.6849,710383.09,205958.303
000009.SZ,20250225,8.75,8.77,8.66,8.69,8.82,-1.4739,212811.5,185312.517
000010.SZ,20250225,2.92,3.02,2.9,2.93,2.94,-0.3401,327302.0,96950.943
000011.SZ,20250225,8.3,8.43,8.25,8.29,8.36,-0.8373,34634.0,28873.261
000012.SZ,20250225,4.96,4.99,4.93,4.94,4.98,-0.8032,110074.08,54474.553
000014.SZ,20250225,10.06,10.22,10.0,10.04,10.14,-0.9862,50145.6,50546.418
000016.SZ,20250225,5.37,5.52,5.21,5.36,5.47,-2.011,1662629.44,886811.409
000017.SZ,20250225,5.69,5.75,5.6,5.69,5.71,-0.3503,81164.53,46240.992
000019.SZ,20250225,6.46,6.48,6.38,6.39,6.52,-1.9939,59270.9,38126.918
000020.SZ,20250225,13.06,13.26,12.99,13.01,13.15,-1.0646,23628.0,30958.916
000021.SZ,20250225,20.53,21.07,20.51,20.65,21.22,-2.6861,724037.48,1501868.031
000025.SZ,20250225,16.25,16.44,16.21,16.3,16.44,-0.8516,35996.4,58759.306
000026.SZ,20250225,10.35,10.42,10.26,10.33,10.39,-0.5775,43173.87,44593.768
000027.SZ,20250225,6.21,6.26,6.16,6.2,6.24,-0.641,132555.56,82371.38
000028.SZ,20250225,25.95,25.95,25.63,25.7,25.95,-0.9634,26590.9,68450.273
000029.SZ,20250225,15.15,15.2,14.75,15.0,15.3,-1.9608,49133.27,73589.126
000030.SZ,20250225,5.57,5.69,5.52,5.63,5.59,0.7156,168523.01,94563.331
000031.SZ,20250225,2.74,2.77,2.71,2.72,2.76,-1.4493,171784.0,47045.549
000032.SZ,20250225,30.0,33.09,29.2,30.57,31.32,-2.3946,1278094.34,3995913.063
000034.SZ,20250225,54.7,57.95,52.11,53.7,57.85,-7.1737,1054134.34,5784826.848
000035.SZ,20250225,4.75,4.78,4.68,4.74,4.77,-0.6289,310400.0,146997.09
000036.SZ,20250225,3.76,3.83,3.73,3.77,3.81,-1.0499,183526.5,69353.14
000037.SZ,20250225,8.17,8.21,8.05,8.08,8.22,-1.7032,72473.0,58914.43
000039.SZ,20250225,8.22,8.32,8.2,8.26,8.2,0.7317,280174.9,231595.441
000042.SZ,20250225,7.0,7.09,6.88,7.02,7.05,-0.4255,180251.77,126191.317
000045.SZ,20250225,10.5,10.73,10.44,10.58,10.6,-0.1887,71558.2,75798.156
000048.SZ,20250225,14.66,14.73,14.35,14.35,14.78,-2.9093,83259.01,120666.347
000049.SZ,20250225,24.9,25.99,24.8,25.57,25.23,1.3476,145993.29,373903.892
000050.SZ,20250225,9.16,9.33,9.1,9.23,9.2,0.3261,195530.5,180586.562
000055.SZ,20250225,4.12,4.12,4.06,4.07,4.14,-1.6908,69250.0,28293.42
000056.SZ,20250225,3.19,3.3,3.1,3.17,3.22,-1.5528,677725.66,218600.727
000058.SZ,20250225,7.94,8.05,7.85,7.92,8.0,-1.0,97740.27,77792.165
000059.SZ,20250225,4.44,4.49,4.4,4.44,4.46,-0.4484,109105.9,48480.565
000060.SZ,20250225,4.59,4.6,4.55,4.56,4.61,-1.0846,318892.18,145891.475
000061.SZ,20250225,6.25,6.3,6.14,6.16,6.38,-3.4483,220016.59,136330.123
000062.SZ,20250225,24.29,25.1,24.1,24.34,24.98,-2.562,358698.11,879147.478
000063.SZ,20250225,42.4,43.7,41.87,42.5,43.8,-2.968,2018822.77,8585915.097
000065.SZ,20250225,13.5,13.5,12.11,12.15,12.38,-1.8578,1135818.02,1440283.975
000066.SZ,20250225,16.29,18.37,16.16,17.69,16.7,5.9281,4913973.61,8641826.711
000068.SZ,20250225,3.54,3.59,3.51,3.54,3.57,-0.8403,116278.14,41283.74
000069.SZ,20250225,2.48,2.53,2.45,2.46,2.5,-1.6,471293.75,117386.797
000070.SZ,20250225,6.36,6.78,6.33,6.55,6.49,0.9245,302059.93,197984.406
000078.SZ,20250225,2.41,2.42,2.38,2.39,2.41,-0.8299,180445.01,43181.22
000088.SZ,20250225,4.64,4.64,4.6,4.61,4.65,-0.8602,63734.83,29419.639
000089.SZ,20250225,6.77,6.77,6.7,6.71,6.77,-0.8863,81814.7,55041.16
000090.SZ,20250225,3.95,3.96,3.88,3.89,3.97,-2.0151,210793.68,82426.859
000096.SZ,20250225,18.43,18.43,18.43,18.43,16.75,10.0299,40462.0,74571.466
000099.SZ,20250225,27.45,29.08,27.28,28.06,28.2,-0.4965,628064.94,1769792.503
000100.SZ,20250225,4.85,4.89,4.78,4.86,4.88,-0.4098,3665547.45,1768340.01
000151.SZ,20250225,13.89,13.98,13.6,13.64,13.99,-2.5018,87045.01,119775.951
000153.SZ,20250225,6.18,6.2,6.11,6.14,6.18,-0.6472,52063.2,32002.439
000155.SZ,20250225,11.45,11.78,11.33,11.63,11.51,1.0426,409255.56,473942.958
000156.SZ,20250225,8.49,8.57,8.37,8.39,8.64,-2.8935,403429.77,341047.436
000157.SZ,20250225,7.52,7.68,7.46,7.5,7.62,-1.5748,963297.85,728729.72
000158.SZ,20250225,27.47,29.83,27.01,28.17,27.47,2.5482,4012304.95,11489003.921
000159.SZ,20250225,5.54,5.58,5.46,5.49,5.53,-0.7233,95644.01,52820.206
000166.SZ,20250225,5.15,5.2,5.12,5.15,5.18,-0.5792,586068.15,302457.224
000301.SZ,20250225,8.89,9.06,8.87,9.03,8.95,0.8939,130693.74,117824.735
000333.SZ,20250225,70.5,70.67,68.98,69.03,70.89,-2.6238,565998.67,3932087.508
000338.SZ,20250225,15.28,15.94,15.2,15.6,15.39,1.3645,1386408.05,2168069.363
000400.SZ,20250225,25.11,25.11,24.32,24.41,25.18,-3.058,222660.62,547961.238
000401.SZ,20250225,4.83,4.83,4.73,4.74,4.82,-1.6598,108684.1,51916.895
000402.SZ,20250225,3.1,3.14,3.07,3.08,3.12,-1.2821,351103.43,108549.24
000403.SZ,20250225,20.52,20.77,20.3,20.53,20.6,-0.3398,57065.1,117216.698
000404.SZ,20250225,7.2,7.34,7.16,7.21,7.25,-0.5517,139375.8,101099.082
000407.SZ,20250225,3.22,3.25,3.19,3.21,3.23,-0.6192,69846.04,22479.595
000408.SZ,20250225,33.01,33.4,32.63,32.66,33.09,-1.2995,75991.0,250688.108
000409.SZ,20250225,10.04,10.42,9.87,10.18,10.22,-0.3914,316574.7,324355.108
000410.SZ,20250225,6.8,7.06,6.76,6.93,6.83,1.4641,270392.99,187905.392
000411.SZ,20250225,10.66,10.68,10.46,10.51,10.74,-2.1415,39119.4,41334.758
000415.SZ,20250225,3.49,3.62,3.46,3.53,3.52,0.2841,1367408.84,485646.447
000417.SZ,20250225,5.42,5.57,5.38,5.5,5.47,0.5484,149979.89,82612.874
000419.SZ,20250225,5.65,5.74,5.6,5.65,5.67,-0.3527,104536.47,59336.436
000420.SZ,20250225,3.76,3.79,3.7,3.74,3.8,-1.5789,729527.98,273132.634
000421.SZ,20250225,6.15,6.41,6.12,6.23,6.24,-0.1603,202785.58,126815.453
000422.SZ,20250225,12.05,12.06,11.87,11.91,12.12,-1.7327,150470.52,179497.609
000423.SZ,20250225,55.12,55.12,54.23,54.45,55.31,-1.5549,77833.96,424833.607
000425.SZ,20250225,8.61,8.88,8.52,8.79,8.63,1.854,1297913.42,1137797.319
000426.SZ,20250225,12.65,12.84,12.53,12.6,12.77,-1.3312,166122.48,210664.984
000428.SZ,20250225,3.07,3.12,3.05,3.06,3.09,-0.9709,128740.29,39684.975
000429.SZ,20250225,13.93,14.2,13.93,14.01,13.98,0.2146,94916.58,133464.482
000430.SZ,20250225,6.86,6.99,6.81,6.85,6.95,-1.4388,130316.1,90059.587
000488.SZ,20250225,2.13,2.13,2.13,2.13,2.24,-4.9107,11198.0,2385.174
000498.SZ,20250225,5.85,5.85,5.72,5.75,5.85,-1.7094,111153.0,64123.231
000501.SZ,20250225,8.32,8.45,8.26,8.3,8.41,-1.308,122209.63,102215.722
000503.SZ,20250225,11.97,12.56,11.86,12.28,12.16,0.9868,413981.0,506316.075
000504.SZ,20250225,9.45,9.48,9.23,9.32,9.38,-0.6397,58734.0,54954.386
000505.SZ,20250225,6.01,6.01,5.88,5.9,6.02,-1.9934,70261.38,41657.457
000506.SZ,20250225,5.8,5.98,5.71,5.94,5.71,4.028,499577.36,293045.112
000507.SZ,20250225,4.95,4.96,4.92,4.93,4.97,-0.8048,51809.04,25572.327
000509.SZ,20250225,3.33,3.42,3.31,3.36,3.37,-0.2967,85365.88,28767.781
000510.SZ,20250225,3.68,3.75,3.62,3.69,3.68,0.2717,98425.53,36376.243
000513.SZ,20250225,35.1,35.19,34.6,34.62,35.31,-1.9541,63004.21,219526.424
000514.SZ,20250225,4.2,4.26,4.13,4.16,4.2,-0.9524,148239.01,62283.491
000516.SZ,20250225,6.16,6.45,6.04,6.25,6.29,-0.6359,1049410.71,657438.368
000517.SZ,20250225,1.98,2.0,1.95,1.95,1.99,-2.0101,265012.3,52330.064
000518.SZ,20250225,2.53,2.53,2.46,2.48,2.53,-1.9763,210406.02,52367.946
000519.SZ,20250225,15.48,15.93,15.41,15.61,15.6,0.0641,285644.36,448293.886
000520.SZ,20250225,4.86,4.95,4.82,4.89,4.89,0.0,194538.0,95260.604
000521.SZ,20250225,7.89,7.9,7.8,7.81,7.95,-1.761,185382.59,145481.873
000523.SZ,20250225,3.05,3.1,3.04,3.05,3.08,-0.974,113565.57,34787.23
000524.SZ,20250225,9.6,9.83,9.55,9.67,9.73,-0.6166,72514.0,70419.281
000525.SZ,20250225,5.55,5.58,5.44,5.46,5.59,-2.3256,251749.87,138685.484
000526.SZ,20250225,51.34,51.34,48.99,49.22,51.55,-4.5199,40954.0,204023.983
000528.SZ,20250225,10.77,11.89,10.65,11.89,10.81,9.9907,932797.65,1073404.464
000529.SZ,20250225,5.87,6.33,5.87,6.33,5.75,10.087,194402.25,121530.457
000530.SZ,20250225,5.45,5.55,5.43,5.49,5.54,-0.9025,190802.8,104907.228
000531.SZ,20250225,6.16,6.17,6.09,6.09,6.2,-1.7742,70779.2,43345.759
000532.SZ,20250225,16.3,16.57,16.18,16.26,16.48,-1.335,138956.0,227784.483
000533.SZ,20250225,6.88,6.94,6.75,6.84,7.11,-3.7975,825072.1,563989.579
000534.SZ,20250225,15.32,15.48,14.99,15.09,15.45,-2.3301,87393.0,132812.93
000536.SZ,20250225,5.36,5.96,5.3,5.96,5.42,9.9631,1828994.84,1062067.249
000537.SZ,20250225,8.39,8.39,8.31,8.32,8.41,-1.0702,111311.75,92883.458
000538.SZ,20250225,55.49,55.49,55.02,55.09,55.64,-0.9885,66240.22,365819.809
000539.SZ,20250225,4.49,4.52,4.45,4.46,4.51,-1.1086,134292.85,60158.947
000541.SZ,20250225,6.01,6.11,5.98,5.99,6.09,-1.642,193450.39,116773.117
000543.SZ,20250225,7.41,7.54,7.35,7.39,7.45,-0.8054,231025.89,172095.611
000544.SZ,20250225,8.41,8.44,8.32,8.34,8.46,-1.4184,42048.0,35248.942
000545.SZ,20250225,2.22,2.32,2.2,2.25,2.23,0.8969,314172.62,71158.285
000546.SZ,20250225,5.16,5.26,5.11,5.12,5.2,-1.5385,256596.88,132764.117
000547.SZ,20250225,7.9,8.1,7.81,7.93,8.03,-1.2453,437243.8,347800.54
000548.SZ,20250225,5.17,5.25,5.14,5.17,5.2,-0.5769,57424.0,29727.257
000550.SZ,20250225,22.66,23.26,22.46,22.88,22.72,0.7042,82898.62,190053.173
000551.SZ,20250225,12.49,12.93,12.42,12.69,12.6,0.7143,88730.27,112446.32
000552.SZ,20250225,2.54,2.55,2.5,2.51,2.54,-1.1811,422870.47,106763.4
000553.SZ,20250225,6.1,6.17,6.01,6.03,6.12,-1.4706,76704.98,46619.74
000554.SZ,20250225,5.77,5.79,5.69,5.7,5.81,-1.8933,91138.0,52374.45
000555.SZ,20250225,13.16,13.46,13.01,13.21,13.53,-2.3651,473757.9,625900.612
000557.SZ,20250225,5.09,5.1,5.01,5.01,5.11,-1.9569,117385.8,59312.904
000558.SZ,20250225,3.4,3.44,3.35,3.36,3.43,-2.0408,595505.0,202195.846
000559.SZ,20250225,6.46,6.49,6.39,6.44,6.5,-0.9231,258156.92,166289.038
000560.SZ,20250225,3.27,3.44,3.27,3.33,3.31,0.6042,1928662.33,647866.403
000561.SZ,20250225,8.33,8.63,8.23,8.46,8.41,0.5945,162686.49,137177.667
000563.SZ,20250225,3.55,3.55,3.47,3.49,3.57,-2.2409,696081.15,244410.181
000564.SZ,20250225,2.95,3.07,2.93,2.98,3.01,-0.9967,3709828.91,1115127.645
000565.SZ,20250225,5.42,5.43,5.33,5.34,5.41,-1.2939,35939.25,19307.174
000566.SZ,20250225,4.78,4.87,4.75,4.83,4.81,0.4158,165410.02,79585.75
000567.SZ,20250225,6.36,6.44,6.28,6.3,6.41,-1.7161,167873.25,106194.033
000568.SZ,20250225,121.1,121.36,119.5,119.9,121.85,-1.6003,80566.61,970224.591
000570.SZ,20250225,5.43,5.52,5.35,5.39,5.54,-2.7076,194359.02,105433.631
000571.SZ,20250225,3.65,3.74,3.6,3.7,3.68,0.5435,147195.55,54111.523
000572.SZ,20250225,4.05,4.25,4.02,4.15,4.08,1.7157,674433.01,280818.935
000573.SZ,20250225,4.36,4.88,4.33,4.88,4.44,9.9099,1342301.77,630738.922
000576.SZ,20250225,7.88,8.03,7.82,7.88,7.99,-1.3767,64144.0,50952.355
000581.SZ,20250225,21.01,21.49,20.8,21.05,21.35,-1.4052,494510.67,1045293.365
000582.SZ,20250225,8.17,8.17,8.01,8.02,8.17,-1.836,203002.0,163516.101
000584.SZ,20250225,2.91,3.04,2.88,2.91,2.95,-1.3559,246976.65,73200.663
000586.SZ,20250225,10.15,10.35,10.12,10.23,10.31,-0.7759,53258.0,54378.945
000589.SZ,20250225,4.75,4.77,4.73,4.75,4.77,-0.4193,178213.8,84572.356
000590.SZ,20250225,7.81,7.93,7.66,7.77,7.83,-0.7663,60167.59,47047.994
000591.SZ,20250225,4.47,4.48,4.42,4.43,4.5,-1.5556,310400.22,138048.199
000592.SZ,20250225,2.73,2.75,2.68,2.7,2.75,-1.8182,733239.02,198604.162
000593.SZ,20250225,5.46,5.48,5.41,5.42,5.48,-1.0949,41318.01,22480.745
000595.SZ,20250225,6.71,6.87,6.6,6.62,6.82,-2.9326,296236.02,198429.386
000596.SZ,20250225,164.5,166.66,163.3,165.52,166.51,-0.5946,18884.88,312107.332
000597.SZ,20250225,5.05,5.08,4.98,5.03,5.05,-0.396,132847.67,66857.982
000598.SZ,20250225,6.77,6.82,6.61,6.63,6.78,-2.2124,233944.18,156554.686
000599.SZ,20250225,4.43,4.53,4.38,4.47,4.45,0.4494,129862.0,58148.288
000600.SZ,20250225,5.38,5.42,5.31,5.34,5.41,-1.2939,187663.6,100674.776
000601.SZ,20250225,4.17,4.19,4.13,4.14,4.17,-0.7194,54798.35,22778.291
000603.SZ,20250225,13.63,13.77,13.53,13.6,13.66,-0.4392,63817.81,86974.951
000605.SZ,20250225,7.45,7.78,7.37,7.62,7.47,2.008,118194.12,89614.397
000607.SZ,20250225,4.25,4.29,4.2,4.22,4.31,-2.0882,190288.0,80716.477
000608.SZ,20250225,2.17,2.22,2.15,2.19,2.18,0.4587,180309.82,39622.084
000609.SZ,20250225,2.68,2.73,2.62,2.69,2.68,0.3731,58252.01,15557.479
000610.SZ,20250225,12.1,12.29,12.01,12.11,12.19,-0.6563,83606.02,101677.316
000612.SZ,20250225,7.56,7.58,7.3,7.33,7.54,-2.7851,277047.0,205168.144
000615.SZ,20250225,2.98,3.05,2.92,2.92,2.98,-2.0134,178407.02,53060.6
000617.SZ,20250225,6.51,6.55,6.46,6.47,6.57,-1.5221,546647.71,355434.474
000619.SZ,20250225,5.87,5.88,5.79,5.81,5.92,-1.8581,92278.23,53814.052
000620.SZ,20250225,1.83,1.87,1.8,1.81,1.84,-1.6304,1010354.57,185710.277
000622.SZ,20250225,2.45,2.45,2.4,2.45,2.33,5.1502,91507.0,22404.736
000623.SZ,20250225,16.59,16.59,16.42,16.43,16.72,-1.7344,99429.62,164126.088
000625.SZ,20250225,13.21,13.53,13.15,13.43,13.33,0.7502,1214633.54,1625598.186
000626.SZ,20250225,5.71,5.73,5.62,5.66,5.78,-2.0761,69906.4,39629.069
000627.SZ,20250225,3.98,4.25,3.93,3.98,4.05,-1.7284,1638393.97,667992.847
000628.SZ,20250225,57.64,58.68,56.86,57.18,58.85,-2.8377,148318.28,851982.171
000629.SZ,20250225,2.87,2.92,2.83,2.89,2.88,0.3472,1086480.4,312948.985
000630.SZ,20250225,3.24,3.25,3.2,3.2,3.25,-1.5385,1310784.44,422159.504
000631.SZ,20250225,3.06,3.08,2.98,3.03,3.08,-1.6234,243080.35,73717.516
000632.SZ,20250225,3.46,3.55,3.43,3.46,3.5,-1.1429,82305.0,28666.092
000633.SZ,20250225,4.81,4.89,4.78,4.81,4.85,-0.8247,88172.11,42533.858
000635.SZ,20250225,7.68,7.74,7.61,7.62,7.71,-1.1673,38202.0,29318.375
000636.SZ,20250225,15.33,15.57,15.27,15.33,15.51,-1.1605,211930.0,326634.323
000637.SZ,20250225,3.63,3.66,3.58,3.58,3.64,-1.6484,56926.57,20636.409
000638.SZ,20250225,5.21,5.29,5.15,5.17,5.23,-1.1472,106996.76,55731.586
000639.SZ,20250225,3.18,3.25,3.15,3.18,3.21,-0.9346,276609.8,88414.412
000650.SZ,20250225,5.59,5.59,5.54,5.54,5.59,-0.8945,139037.5,77218.614
000651.SZ,20250225,41.18,41.19,40.4,40.5,41.27,-1.8658,666441.55,2712820.413
000652.SZ,20250225,3.96,4.01,3.94,3.98,3.99,-0.2506,135465.6,53929.161
000655.SZ,20250225,6.18,6.23,6.14,6.18,6.22,-0.6431,41409.89,25649.601
000656.SZ,20250225,1.45,1.5,1.45,1.49,1.47,1.3605,774078.15,114832.078
000657.SZ,20250225,9.5,9.59,9.41,9.48,9.56,-0.8368,128948.58,122805.112
000659.SZ,20250225,2.69,2.8,2.67,2.74,2.74,0.0,226552.18,62408.966
000661.SZ,20250225,97.62,98.29,96.68,96.95,98.58,-1.6535,41421.1,403561.877
000663.SZ,20250225,5.66,5.85,5.58,5.69,5.71,-0.3503,131806.01,75020.844
000665.SZ,20250225,4.35,4.57,4.33,4.41,4.46,-1.1211,344955.06,153626.246
000668.SZ,20250225,5.9,6.02,5.82,5.9,5.92,-0.3378,44845.47,26576.659
000669.SZ,20250225,2.01,2.07,2.01,2.04,2.04,0.0,56425.6,11531.839
000670.SZ,20250225,7.22,7.48,7.18,7.36,7.33,0.4093,485858.48,358968.197
000672.SZ,20250225,7.19,7.49,7.17,7.31,7.19,1.669,207582.55,153251.281
000676.SZ,20250225,9.0,9.48,8.93,9.28,9.16,1.31,805986.25,747888.138
000677.SZ,20250225,3.9,4.04,3.85,3.96,3.97,-0.2519,243574.33,96700.409
000678.SZ,20250225,7.01,7.43,6.95,7.36,7.19,2.3644,370186.13,267601.382
000679.SZ,20250225,6.87,7.59,6.81,7.54,6.9,9.2754,451547.47,335387.646
000680.SZ,20250225,9.5,9.86,9.41,9.57,9.52,0.5252,538450.96,521240.664
000681.SZ,20250225,25.0,25.13,24.26,24.54,25.76,-4.736,841513.37,2074644.268
000682.SZ,20250225,9.87,9.99,9.76,9.86,9.94,-0.8048,238790.86,235460.051
000683.SZ,20250225,5.39,5.42,5.32,5.39,5.41,-0.3697,576809.77,309768.364
000685.SZ,20250225,8.79,9.02,8.78,8.92,8.84,0.905,171699.4,153482.273
000686.SZ,20250225,8.04,8.06,7.96,7.99,8.09,-1.2361,155714.0,124667.218
000688.SZ,20250225,12.04,12.24,11.87,11.93,12.11,-1.4864,57497.75,69396.025
000690.SZ,20250225,4.25,4.25,4.2,4.2,4.26,-1.4085,235163.75,99209.267
000691.SZ,20250225,3.09,3.19,3.09,3.13,3.13,0.0,136435.0,42950.733
000692.SZ,20250225,3.4,3.43,3.36,3.37,3.41,-1.173,59126.0,20046.562
000695.SZ,20250225,11.28,11.69,11.22,11.36,11.4,-0.3509,103349.21,118027.555
000697.SZ,20250225,7.41,7.5,7.34,7.37,7.5,-1.7333,74798.0,55475.617
000698.SZ,20250225,3.29,3.32,3.25,3.27,3.3,-0.9091,81875.31,26862.675
000700.SZ,20250225,7.16,7.4,7.11,7.26,7.26,0.0,476872.79,347960.992
000701.SZ,20250225,4.96,5.05,4.92,4.97,5.01,-0.7984,126462.81,63230.692
000702.SZ,20250225,7.49,7.58,7.31,7.41,7.64,-3.0105,137230.04,101543.483
000703.SZ,20250225,6.04,6.07,6.0,6.03,6.06,-0.495,94967.14,57323.109
000705.SZ,20250225,7.9,7.9,7.79,7.79,7.9,-1.3924,53633.0,41991.235
000707.SZ,20250225,7.11,7.15,7.08,7.1,7.19,-1.2517,78091.0,55525.89
000708.SZ,20250225,12.11,12.18,11.88,11.99,12.16,-1.398,206985.26,249095.128
000709.SZ,20250225,2.17,2.18,2.14,2.14,2.18,-1.8349,726433.94,156507.968
000710.SZ,20250225,13.08,14.97,12.97,14.33,13.61,5.2902,823618.52,1176198.404
000711.SZ,20250225,1.64,1.65,1.59,1.61,1.65,-2.4242,382803.6,62024.507
000712.SZ,20250225,13.81,14.03,13.75,13.86,14.08,-1.5625,236689.0,328915.598
000713.SZ,20250225,7.29,7.3,7.15,7.16,7.55,-5.1656,336060.24,241718.858
000715.SZ,20250225,6.41,6.61,6.37,6.46,6.47,-0.1546,110617.78,72094.416
000716.SZ,20250225,7.15,7.28,7.04,7.13,7.32,-2.5956,597275.02,427067.18
000717.SZ,20250225,2.76,2.81,2.73,2.78,2.79,-0.3584,490861.01,136231.862
000718.SZ,20250225,2.29,2.31,2.25,2.26,2.29,-1.31,255220.0,58150.476
000719.SZ,20250225,11.12,11.12,10.82,10.88,11.19,-2.7703,126300.33,138083.701
000720.SZ,20250225,3.11,3.12,3.03,3.05,3.11,-1.9293,98119.06,30129.064
000721.SZ,20250225,9.04,9.3,9.01,9.09,9.14,-0.547,350990.0,322412.076
000722.SZ,20250225,9.46,9.5,9.33,9.38,9.5,-1.2632,60929.81,57282.287
000723.SZ,20250225,4.26,4.29,4.22,4.25,4.28,-0.7009,363196.08,154612.492
000725.SZ,20250225,4.55,4.57,4.48,4.55,4.57,-0.4376,4927767.6,2231077.638
000726.SZ,20250225,6.18,6.18,6.03,6.05,6.18,-2.1036,115379.16,70338.462
000727.SZ,20250225,2.97,3.13,2.95,3.05,3.03,0.6601,2607170.36,799262.968
000728.SZ,20250225,8.14,8.17,8.07,8.09,8.22,-1.5815,332405.76,269856.587
000729.SZ,20250225,10.95,10.99,10.72,10.75,11.02,-2.4501,159744.17,172346.766
000731.SZ,20250225,7.15,7.17,7.06,7.08,7.19,-1.5299,88170.05,62564.899
000733.SZ,20250225,43.1,44.08,42.9,43.6,43.61,-0.0229,81984.42,358036.909
000735.SZ,20250225,6.18,6.18,6.02,6.05,6.23,-2.8892,348761.66,211570.661
000736.SZ,20250225,6.47,6.63,6.37,6.48,6.53,-0.7657,240962.85,157024.371
000737.SZ,20250225,8.97,9.02,8.8,8.82,9.02,-2.2173,374086.99,333414.094
000738.SZ,20250225,19.5,19.55,19.25,19.28,19.65,-1.883,108071.92,209532.129
000739.SZ,20250225,16.48,16.7,16.23,16.46,16.54,-0.4837,130242.37,214298.544
000750.SZ,20250225,4.2,4.23,4.16,4.17,4.24,-1.6509,739090.35,309836.307
000751.SZ,20250225,2.83,2.84,2.8,2.81,2.84,-1.0563,114755.52,32363.998
000752.SZ,20250225,8.01,8.01,7.79,7.9,8.14,-2.9484,49032.0,38643.979
000753.SZ,20250225,4.36,4.4,4.32,4.38,4.36,0.4587,433424.02,189272.811
000755.SZ,20250225,4.76,4.82,4.73,4.76,4.8,-0.8333,70739.12,33755.926
000756.SZ,20250225,15.08,15.08,14.81,14.85,15.08,-1.5252,103227.26,154004.042
000757.SZ,20250225,3.91,3.96,3.87,3.93,3.94,-0.2538,81028.0,31778.788
000758.SZ,20250225,4.95,4.97,4.9,4.91,4.97,-1.2072,211137.5,104152.392
000759.SZ,20250225,8.41,9.18,8.35,8.72,8.49,2.7091,1353234.21,1190113.042
000761.SZ,20250225,3.72,3.78,3.64,3.66,3.74,-2.139,228406.01,84780.16
000762.SZ,20250225,21.06,22.02,20.91,21.53,21.06,2.2317,242066.5,523483.552
000766.SZ,20250225,15.9,16.2,15.85,15.91,16.02,-0.6866,139071.49,222748.833
000767.SZ,20250225,2.56,2.61,2.54,2.57,2.58,-0.3876,176354.01,45476.971
000768.SZ,20250225,24.87,24.98,24.64,24.7,25.04,-1.3578,155306.26,384822.617
000776.SZ,20250225,15.76,15.82,15.55,15.59,15.92,-2.0729,322641.31,506054.082
000777.SZ,20250225,17.22,18.68,17.12,18.31,17.35,5.5331,306071.4,552960.298
000778.SZ,20250225,3.44,3.45,3.4,3.4,3.45,-1.4493,341819.83,116997.053
000779.SZ,20250225,8.87,9.3,8.8,9.26,9.0,2.8889,309165.67,282889.656
000782.SZ,20250225,4.82,4.97,4.7,4.92,4.77,3.1447,354048.01,172566.371
000783.SZ,20250225,6.55,6.58,6.48,6.5,6.61,-1.6641,344339.27,224937.242
000785.SZ,20250225,4.28,4.41,4.25,4.33,4.35,-0.4598,1566840.35,680760.127
000786.SZ,20250225,28.9,29.0,28.26,28.33,29.03,-2.4113,144771.9,413575.332
000788.SZ,20250225,5.97,6.0,5.89,5.91,5.99,-1.3356,95705.0,56763.067
000789.SZ,20250225,5.09,5.09,4.96,4.98,5.09,-2.1611,111300.01,55770.754
000790.SZ,20250225,3.85,3.85,3.76,3.77,3.85,-2.0779,194821.16,74075.232
000791.SZ,20250225,5.93,5.95,5.88,5.9,5.96,-1.0067,75963.2,44956.752
000792.SZ,20250225,17.14,17.38,17.01,17.06,17.2,-0.814,585786.92,1007276.133
000793.SZ,20250225,2.93,2.97,2.86,2.89,2.97,-2.6936,803592.27,233991.198
000795.SZ,20250225,11.42,11.76,11.38,11.54,11.68,-1.1986,635395.23,736407.95
000796.SZ,20250225,3.67,3.7,3.6,3.61,3.76,-3.9894,524298.32,191339.835
000797.SZ,20250225,2.68,2.72,2.66,2.67,2.7,-1.1111,241230.8,64808.172
000798.SZ,20250225,7.06,7.08,6.9,6.92,7.09,-2.3977,76738.0,53319.623
000799.SZ,20250225,47.3,47.67,46.5,46.66,48.0,-2.7917,85993.11,404501.342
000800.SZ,20250225,8.16,8.24,8.12,8.18,8.21,-0.3654,75788.49,62036.517
000801.SZ,20250225,16.5,18.56,16.38,18.56,16.87,10.0178,1853545.46,3347399.359
000802.SZ,20250225,5.3,5.3,5.2,5.22,5.34,-2.2472,221373.03,115949.863
000803.SZ,20250225,5.28,5.31,5.12,5.14,5.28,-2.6515,100118.6,52186.504
000807.SZ,20250225,16.19,16.35,15.9,16.06,16.27,-1.2907,365893.49,589209.853
000809.SZ,20250225,2.77,2.78,2.7,2.73,2.79,-2.1505,45721.0,12443.781
000810.SZ,20250225,14.41,15.06,14.41,14.73,15.05,-2.1262,461010.71,681541.059
000811.SZ,20250225,13.91,15.41,13.88,14.91,14.18,5.1481,595821.92,872494.388
000812.SZ,20250225,4.77,4.86,4.73,4.79,4.82,-0.6224,162878.67,78233.27
000813.SZ,20250225,3.38,3.44,3.36,3.4,3.41,-0.2933,358386.15,122052.619
000815.SZ,20250225,12.3,13.79,12.13,13.3,12.54,6.0606,1375972.35,1792663.459
000816.SZ,20250225,4.59,4.59,4.33,4.59,4.17,10.0719,3521008.09,1607076.18
000818.SZ,20250225,32.8,35.88,32.8,32.8,36.44,-9.989,1946757.19,6541805.396
000819.SZ,20250225,15.86,16.07,15.65,15.82,15.95,-0.815,43334.34,68702.14
000820.SZ,20250225,2.99,3.06,2.97,2.99,3.02,-0.9934,114692.0,34659.181
000821.SZ,20250225,13.58,13.94,13.46,13.76,13.66,0.7321,359692.49,495769.195
000822.SZ,20250225,5.17,5.18,5.12,5.13,5.2,-1.3462,80243.29,41273.687
000823.SZ,20250225,10.85,11.08,10.79,10.96,11.01,-0.4541,140302.51,153517.499
000825.SZ,20250225,3.62,3.66,3.57,3.59,3.63,-1.1019,357526.0,129206.683
000826.SZ,20250225,2.02,2.17,1.99,2.05,1.99,3.0151,1111477.8,229871.889
000828.SZ,20250225,10.1,10.1,9.99,10.03,10.14,-1.0848,48626.31,48818.038
000829.SZ,20250225,11.24,11.53,11.06,11.26,11.31,-0.4421,326631.79,370660.232
000830.SZ,20250225,11.76,11.77,11.61,11.65,11.77,-1.0195,192013.79,224443.711
000831.SZ,20250225,30.23,30.52,29.69,29.76,30.23,-1.5547,210949.0,634342.829
000833.SZ,20250225,13.01,13.45,13.0,13.04,13.35,-2.3221,439575.2,577733.86
000837.SZ,20250225,11.35,12.15,11.26,11.92,11.5,3.6522,877083.69,1040121.086
000838.SZ,20250225,2.78,2.96,2.74,2.85,2.78,2.518,524524.15,150409.081
000839.SZ,20250225,3.27,3.32,3.22,3.25,3.28,-0.9146,640516.78,209048.884
000848.SZ,20250225,8.32,8.36,8.21,8.23,8.37,-1.6726,88178.78,72959.694
000850.SZ,20250225,4.31,4.44,4.3,4.36,4.35,0.2299,180308.51,78929.635
000851.SZ,20250225,2.59,2.59,2.51,2.51,2.64,-4.9242,366226.21,92918.838
000852.SZ,20250225,6.34,6.38,6.29,6.3,6.38,-1.2539,124547.3,78844.659
000856.SZ,20250225,13.52,14.69,13.24,13.66,14.24,-4.073,565930.14,782513.601
000858.SZ,20250225,130.88,130.92,128.58,128.75,131.9,-2.3882,221901.36,2872796.622
000859.SZ,20250225,5.38,5.58,5.33,5.47,5.44,0.5515,266856.58,146323.21
000860.SZ,20250225,17.48,17.48,17.17,17.18,17.65,-2.6629,129398.48,223362.889
000862.SZ,20250225,4.98,4.99,4.89,4.91,5.0,-1.8,81747.5,40400.822
000863.SZ,20250225,3.8,3.85,3.74,3.74,3.83,-2.3499,293695.0,111134.415
000868.SZ,20250225,6.36,7.21,6.34,7.21,6.55,10.0763,631172.91,437222.032
000869.SZ,20250225,21.58,21.69,21.4,21.5,21.7,-0.9217,13587.54,29211.659
000875.SZ,20250225,5.18,5.19,5.11,5.12,5.2,-1.5385,260578.48,134182.943
000876.SZ,20250225,10.02,10.07,9.86,9.91,10.3,-3.7864,837318.33,830887.793
000877.SZ,20250225,5.47,5.56,5.43,5.49,5.51,-0.363,101825.47,56042.128
000878.SZ,20250225,12.7,12.75,12.5,12.53,12.76,-1.8025,245779.41,310480.87
000880.SZ,20250225,27.4,31.69,27.39,31.69,28.81,9.9965,548148.53,1689966.193
000881.SZ,20250225,7.06,7.15,7.01,7.15,7.11,0.5626,82898.65,58755.433
000882.SZ,20250225,2.57,2.62,2.52,2.56,2.59,-1.1583,1597563.57,412182.222
000883.SZ,20250225,4.74,4.74,4.68,4.69,4.73,-0.8457,231774.76,108981.889
000885.SZ,20250225,12.46,12.47,12.28,12.36,12.48,-0.9615,37652.66,46626.703
000886.SZ,20250225,6.83,7.08,6.78,6.87,6.97,-1.4347,348209.09,241550.133
000887.SZ,20250225,20.9,23.0,20.72,22.32,20.92,6.6922,1584780.97,3446866.278
000888.SZ,20250225,12.35,12.4,12.09,12.1,12.41,-2.498,122108.99,149512.377
000889.SZ,20250225,2.41,2.46,2.38,2.42,2.41,0.4149,167187.2,40450.883
000890.SZ,20250225,3.54,3.68,3.53,3.63,3.6,0.8333,144649.01,52618.696
000892.SZ,20250225,4.68,4.68,4.51,4.68,4.25,10.1176,944250.95,440291.526
000893.SZ,20250225,23.87,23.88,23.21,23.79,23.51,1.191,159194.29,375614.931
000895.SZ,20250225,26.32,26.59,26.15,26.36,26.35,0.038,93423.31,246790.183
000897.SZ,20250225,2.3,2.34,2.28,2.3,2.32,-0.8621,303016.44,70100.704
000898.SZ,20250225,2.36,2.38,2.33,2.34,2.37,-1.2658,342745.19,80472.2
000899.SZ,20250225,8.24,8.26,8.18,8.19,8.28,-1.087,86494.18,71008.936
000900.SZ,20250225,4.22,4.24,4.19,4.19,4.23,-0.9456,104197.99,43863.892
000901.SZ,20250225,11.23,11.45,11.14,11.31,11.34,-0.2646,162023.44,183594.352
000902.SZ,20250225,11.9,11.91,11.58,11.63,11.95,-2.6778,163278.82,191375.217
000903.SZ,20250225,3.6,3.63,3.48,3.55,3.69,-3.794,1014572.01,361914.305
000905.SZ,20250225,6.83,6.9,6.75,6.77,6.84,-1.0234,97648.84,66530.914
000906.SZ,20250225,6.18,6.18,6.12,6.14,6.19,-0.8078,64941.52,39902.597
000908.SZ,20250225,4.03,4.26,3.99,4.18,4.06,2.9557,271067.94,113614.454
000909.SZ,20250225,5.72,5.83,5.68,5.77,5.76,0.1736,58670.71,33715.434
000910.SZ,20250225,7.51,7.6,7.4,7.46,7.57,-1.4531,28081.67,21088.245
000911.SZ,20250225,7.08,7.11,6.98,7.01,7.15,-1.958,50203.0,35292.37
000912.SZ,20250225,4.91,4.92,4.74,4.77,4.96,-3.8306,248992.52,119572.386
000913.SZ,20250225,18.7,18.93,18.56,18.67,18.9,-1.2169,45690.99,85508.89
000915.SZ,20250225,27.6,27.6,26.15,26.3,27.77,-5.2935,122826.38,330517.246
000917.SZ,20250225,7.81,8.03,7.7,7.76,8.1,-4.1975,1161486.82,908122.167
000919.SZ,20250225,6.6,6.62,6.51,6.53,6.63,-1.5083,66421.0,43644.365
000920.SZ,20250225,8.6,8.68,8.49,8.54,8.68,-1.6129,39063.0,33452.874
000921.SZ,20250225,28.55,28.67,27.66,27.82,28.55,-2.5569,125570.27,352813.601
000922.SZ,20250225,11.51,11.63,11.43,11.47,11.6,-1.1207,120949.6,139440.67
000923.SZ,20250225,13.61,13.67,13.49,13.53,13.67,-1.0241,63185.01,85872.031
000925.SZ,20250225,8.29,8.62,8.22,8.5,8.46,0.4728,358092.17,302441.527
000926.SZ,20250225,2.28,2.31,2.25,2.27,2.3,-1.3043,276395.4,63050.941
000927.SZ,20250225,2.54,2.54,2.49,2.5,2.54,-1.5748,541373.0,136052.374
000928.SZ,20250225,7.16,7.17,6.86,6.9,7.29,-5.3498,706409.42,491657.346
000929.SZ,20250225,6.66,6.8,6.62,6.75,6.72,0.4464,41460.0,27778.95
000930.SZ,20250225,5.86,5.86,5.65,5.68,5.86,-3.0717,574542.11,328829.611
000931.SZ,20250225,4.81,5.11,4.78,4.9,4.88,0.4098,275574.34,136722.376
000932.SZ,20250225,4.44,4.5,4.4,4.44,4.47,-0.6711,753316.62,335441.83
000933.SZ,20250225,17.96,18.15,17.58,17.65,17.96,-1.7261,274011.62,488489.887
000935.SZ,20250225,14.7,14.88,14.7,14.82,14.96,-0.9358,40081.19,59286.673
000936.SZ,20250225,7.91,7.99,7.77,7.84,7.98,-1.7544,363084.5,285582.709
000937.SZ,20250225,5.82,5.85,5.76,5.83,5.83,0.0,118306.44,68845.767
000938.SZ,20250225,32.1,34.35,31.88,33.12,33.0,0.3636,1892167.92,6236074.406
000948.SZ,20250225,20.51,21.17,20.37,20.86,21.12,-1.2311,265974.6,553004.302
000949.SZ,20250225,4.44,4.5,4.36,4.4,4.5,-2.2222,1242098.14,548626.953
000950.SZ,20250225,5.16,5.18,5.11,5.12,5.18,-1.1583,120328.0,61785.954
000951.SZ,20250225,16.82,17.03,16.64,16.71,16.91,-1.1827,163933.36,275690.123
000952.SZ,20250225,5.68,5.71,5.59,5.61,5.7,-1.5789,42701.4,24073.587
000953.SZ,20250225,5.22,5.34,5.14,5.22,5.23,-0.1912,97159.0,51026.228
000955.SZ,20250225,4.19,4.34,4.18,4.24,4.24,0.0,112644.94,48022.748
000957.SZ,20250225,10.97,11.28,10.91,11.1,11.05,0.4525,199616.42,222135.69
000958.SZ,20250225,6.08,6.13,6.03,6.06,6.13,-1.1419,396659.82,241111.991
000959.SZ,20250225,3.09,3.11,3.06,3.07,3.11,-1.2862,259862.97,80031.689
000960.SZ,20250225,14.49,14.54,14.32,14.36,14.61,-1.7112,198685.22,286663.332
000962.SZ,20250225,15.1,15.19,14.87,15.03,15.21,-1.1834,127676.5,191980.949
000963.SZ,20250225,35.05,35.22,34.75,34.84,35.36,-1.4706,63002.75,220243.651
000965.SZ,20250225,3.02,3.06,2.98,3.0,3.04,-1.3158,196720.0,59345.371
000966.SZ,20250225,4.49,4.51,4.45,4.49,4.5,-0.2222,158059.09,70909.864
000967.SZ,20250225,6.78,7.45,6.68,7.06,7.08,-0.2825,1599922.51,1115189.443
000968.SZ,20250225,6.13,6.13,6.06,6.08,6.15,-1.1382,65221.5,39765.801
000969.SZ,20250225,12.33,12.43,12.17,12.26,12.5,-1.92,385695.27,473941.608
000970.SZ,20250225,11.67,11.94,11.5,11.77,11.74,0.2555,237817.75,278799.333
000972.SZ,20250225,3.36,3.4,3.33,3.34,3.41,-2.0528,146874.64,49338.229
000973.SZ,20250225,6.57,6.68,6.51,6.53,6.65,-1.8045,429224.6,282083.954
000975.SZ,20250225,16.96,17.25,16.57,16.6,16.9,-1.7751,222988.6,375861.394
000977.SZ,20250225,64.99,66.21,63.88,64.97,67.13,-3.2176,1175033.86,7628106.572
000978.SZ,20250225,6.06,6.16,6.06,6.08,6.12,-0.6536,58687.0,35853.201
000980.SZ,20250225,2.17,2.42,2.14,2.39,2.2,8.6364,5473166.91,1285738.795
000981.SZ,20250225,2.15,2.24,2.12,2.18,2.19,-0.4566,4795223.44,1053044.892
000983.SZ,20250225,6.93,7.04,6.88,7.0,6.96,0.5747,387852.84,271248.185
000985.SZ,20250225,19.28,19.29,18.6,18.67,19.1,-2.2513,19277.0,36319.885
000987.SZ,20250225,6.63,6.67,6.53,6.56,6.7,-2.0896,228626.3,150891.874
000988.SZ,20250225,45.62,46.61,45.21,45.57,46.91,-2.8565,520846.82,2382641.611
000989.SZ,20250225,8.37,8.49,8.19,8.25,8.38,-1.5513,121364.54,101270.067
000990.SZ,20250225,7.49,7.52,7.41,7.44,7.51,-0.9321,85392.3,63716.33
000993.SZ,20250225,8.42,8.47,8.33,8.34,8.47,-1.5348,49511.0,41577.836
000995.SZ,20250225,14.11,14.2,13.85,13.96,14.27,-2.1724,113287.0,158503.832
000997.SZ,20250225,22.71,23.1,22.31,22.7,23.14,-1.9015,215152.6,487774.651
000998.SZ,20250225,11.05,11.1,10.85,10.87,11.31,-3.8904,500917.86,549215.464
000999.SZ,20250225,41.84,42.05,41.3,41.3,41.92,-1.479,79847.29,332254.106
001201.SZ,20250225,14.42,14.42,14.25,14.3,14.52,-1.5152,28118.95,40237.51
001202.SZ,20250225,14.41,14.62,14.41,14.48,14.63,-1.0253,11225.0,16264.917
001203.SZ,20250225,8.58,8.68,8.52,8.64,8.63,0.1159,50619.58,43641.465
001205.SZ,20250225,18.16,18.16,17.69,17.77,18.4,-3.4239,48541.0,86608.769
001206.SZ,20250225,19.76,19.92,19.58,19.7,19.87,-0.8556,27193.76,53640.666
001207.SZ,20250225,22.33,23.9,22.27,23.42,22.49,4.1352,90094.91,209844.281
001208.SZ,20250225,10.33,10.55,10.18,10.42,10.24,1.7578,164457.0,170993.641
001209.SZ,20250225,17.03,17.4,16.97,17.15,17.09,0.3511,35783.47,61409.093
001210.SZ,20250225,14.13,14.2,13.98,14.04,14.12,-0.5666,12772.52,17985.902
001211.SZ,20250225,23.0,23.09,21.78,22.06,22.99,-4.0452,36815.67,81916.892
001212.SZ,20250225,23.01,23.67,22.71,23.46,23.11,1.5145,24946.62,58034.739
001213.SZ,20250225,4.01,4.03,3.98,4.0,4.03,-0.7444,145105.0,58096.131
001215.SZ,20250225,29.1,29.55,28.78,29.29,29.31,-0.0682,21655.37,63212.395
001216.SZ,20250225,12.66,13.37,12.56,12.94,12.65,2.2925,79772.78,103557.024
001217.SZ,20250225,10.56,10.6,10.4,10.47,10.63,-1.5052,51635.0,54274.822
001218.SZ,20250225,16.39,16.59,16.2,16.33,16.47,-0.85,7309.2,11953.019
001219.SZ,20250225,13.0,13.01,12.81,12.84,13.01,-1.3067,23617.41,30418.438
001222.SZ,20250225,15.49,15.54,15.3,15.36,15.61,-1.6015,17234.03,26572.455
001223.SZ,20250225,53.6,57.9,52.6,56.0,52.64,6.383,35421.06,195775.04
001225.SZ,20250225,33.4,33.4,32.72,32.93,33.34,-1.2298,3881.0,12837.803
001226.SZ,20250225,30.13,30.83,30.04,30.3,30.28,0.0661,13898.0,42116.039
001227.SZ,20250225,2.34,2.35,2.31,2.31,2.35,-1.7021,611043.0,142028.448
001228.SZ,20250225,21.3,22.37,21.21,22.36,21.42,4.3884,29334.0,64417.977
001229.SZ,20250225,36.5,37.17,36.32,36.67,37.09,-1.1324,23429.0,85990.493
001230.SZ,20250225,17.9,18.02,17.8,17.94,17.99,-0.2779,7901.28,14157.616
001231.SZ,20250225,17.49,17.74,17.33,17.42,17.84,-2.3543,27027.75,47213.857
001234.SZ,20250225,17.1,17.57,17.0,17.34,17.24,0.58,16253.33,28128.057
001236.SZ,20250225,9.41,9.47,9.31,9.33,9.47,-1.4784,77588.5,72836.083
001238.SZ,20250225,33.26,33.85,32.87,33.2,33.25,-0.1504,6364.99,21237.783
001239.SZ,20250225,14.66,14.87,14.63,14.71,14.85,-0.9428,24813.53,36578.64
001255.SZ,20250225,29.2,29.35,28.89,29.1,29.23,-0.4447,9135.0,26598.517
001256.SZ,20250225,17.52,17.69,17.38,17.5,17.76,-1.464,12725.0,22262.139
001258.SZ,20250225,6.45,6.52,6.42,6.45,6.51,-0.9217,74590.0,48219.544
001259.SZ,20250225,22.8,23.1,22.79,23.0,22.98,0.087,9980.0,22854.932
001260.SZ,20250225,17.06,17.24,16.97,17.04,17.18,-0.8149,11472.0,19607.798
001266.SZ,20250225,24.83,25.45,24.7,25.12,25.12,0.0,24435.0,61482.471
001267.SZ,20250225,9.12,9.13,8.9,8.93,9.16,-2.5109,157192.5,141417.868
001268.SZ,20250225,19.55,19.66,19.38,19.47,19.7,-1.1675,17360.0,33869.883
001269.SZ,20250225,24.5,24.85,24.2,24.52,24.53,-0.0408,25535.12,62895.881
001270.SZ,20250225,31.58,32.8,31.2,32.47,31.89,1.8188,66460.96,214447.765
001277.SZ,20250225,37.3,37.37,36.8,36.95,37.41,-1.2296,12084.0,44836.167
001278.SZ,20250225,16.64,16.79,16.6,16.71,16.72,-0.0598,13101.0,21915.307
001279.SZ,20250225,39.52,40.82,39.25,39.85,39.7,0.3778,20260.0,81065.433
001282.SZ,20250225,25.72,26.35,25.42,25.91,25.79,0.4653,46628.69,120801.661
001283.SZ,20250225,62.8,65.62,62.58,64.82,63.8,1.5987,14225.0,91382.347
001286.SZ,20250225,8.83,8.88,8.79,8.84,8.87,-0.3382,128779.8,113709.873
001287.SZ,20250225,21.35,22.0,21.1,21.45,21.53,-0.3716,202834.83,437542.798
001288.SZ,20250225,30.17,30.29,29.52,29.7,30.37,-2.2061,28824.04,85864.082
001289.SZ,20250225,16.32,16.7,16.2,16.51,16.48,0.182,42903.9,70755.688
001296.SZ,20250225,18.35,18.4,18.15,18.2,18.56,-1.9397,27678.44,50582.542
001298.SZ,20250225,27.5,27.78,26.89,27.21,28.24,-3.6473,131249.39,358322.174
001299.SZ,20250225,12.44,12.61,12.41,12.46,12.53,-0.5587,19165.0,23930.604
001300.SZ,20250225,12.43,13.07,12.36,12.58,12.57,0.0796,144921.0,185283.972
001301.SZ,20250225,51.5,56.22,51.0,54.1,51.75,4.5411,87595.66,473194.947
001306.SZ,20250225,86.48,92.2,86.04,86.9,87.7,-0.9122,55697.59,492480.14
001308.SZ,20250225,25.31,25.86,25.18,25.48,25.5,-0.0784,67419.66,172173.721
001309.SZ,20250225,147.15,155.43,140.67,145.67,147.15,-1.0058,170456.49,2507335.583
001311.SZ,20250225,27.66,28.08,27.46,27.77,27.92,-0.5372,19317.81,53715.144
001313.SZ,20250225,9.3,9.39,9.1,9.16,9.31,-1.6112,130489.33,120335.502
001314.SZ,20250225,56.01,58.6,55.55,56.88,57.8,-1.5917,112514.06,639219.502
001316.SZ,20250225,30.42,31.17,30.39,30.7,30.75,-0.1626,10079.0,31035.59
001317.SZ,20250225,28.32,28.85,28.32,28.66,28.7,-0.1394,11528.0,33053.95
001318.SZ,20250225,11.37,11.82,11.36,11.64,11.45,1.6594,73786.99,85407.572
001319.SZ,20250225,27.8,29.85,27.61,29.39,28.51,3.0866,160554.67,468009.233
001322.SZ,20250225,8.4,8.43,8.3,8.33,8.43,-1.1862,29015.29,24243.83
001323.SZ,20250225,34.08,34.94,34.02,34.55,34.33,0.6408,8729.0,30247.516
001324.SZ,20250225,19.0,19.43,18.8,18.96,19.36,-2.0661,53573.28,102453.003
001326.SZ,20250225,36.32,40.38,35.4,35.4,36.82,-3.8566,72878.42,277333.867
001328.SZ,20250225,31.59,32.55,31.52,32.11,31.9,0.6583,13393.99,42981.213
001330.SZ,20250225,5.0,5.04,4.91,4.96,5.03,-1.3917,266185.96,132460.174
001331.SZ,20250225,11.13,11.57,11.11,11.38,11.26,1.0657,49925.33,56780.139
001332.SZ,20250225,33.32,33.88,33.21,33.51,33.6,-0.2679,6155.0,20685.31
001333.SZ,20250225,18.22,18.58,18.14,18.43,18.54,-0.5933,20687.59,37952.645
001336.SZ,20250225,19.31,19.64,19.2,19.26,19.51,-1.2814,8370.0,16215.604
001337.SZ,20250225,21.95,22.08,21.64,21.67,21.96,-1.3206,67049.0,146813.42
001338.SZ,20250225,11.17,11.27,11.02,11.11,11.32,-1.8551,138017.0,153625.342
001339.SZ,20250225,49.49,52.4,48.7,51.3,51.37,-0.1363,120553.14,607842.655
001356.SZ,20250225,13.81,13.97,13.7,13.85,13.86,-0.0722,103434.08,143432.39
001358.SZ,20250225,22.32,22.89,22.32,22.63,22.55,0.3548,8351.04,18911.204
001359.SZ,20250225,26.78,27.29,26.38,26.43,26.9,-1.7472,22111.36,59214.05
001360.SZ,20250225,13.45,13.72,13.42,13.65,13.54,0.8124,17117.0,23251.825
001366.SZ,20250225,11.05,11.17,11.0,11.1,11.17,-0.6267,24794.0,27432.688
001367.SZ,20250225,26.59,27.17,26.16,26.43,26.59,-0.6017,20170.79,53543.95
001368.SZ,20250225,21.4,21.4,21.06,21.14,21.47,-1.537,18096.17,38451.233
001373.SZ,20250225,29.8,30.53,29.5,30.22,30.38,-0.5267,9713.0,29352.793
001376.SZ,20250225,13.22,13.4,13.13,13.19,13.32,-0.976,55611.75,73697.543
001378.SZ,20250225,22.96,22.96,22.72,22.74,22.99,-1.0874,10619.25,24242.193
001379.SZ,20250225,22.2,22.44,21.91,22.03,22.2,-0.7658,34920.55,77467.2
001380.SZ,20250225,28.95,30.17,28.8,29.49,29.83,-1.1398,57746.45,170320.043
001387.SZ,20250225,13.5,13.68,13.37,13.51,13.57,-0.4422,18609.93,25225.228
001389.SZ,20250225,60.3,60.76,58.58,59.75,61.31,-2.5444,52181.09,311496.702
001391.SZ,20250225,6.87,7.05,6.84,6.95,6.91,0.5789,767353.5,534993.005
001395.SZ,20250225,39.39,40.2,39.3,39.87,39.76,0.2767,35460.66,140543.776
001696.SZ,20250225,26.31,27.69,26.1,26.75,27.02,-0.9993,879373.17,2378363.072
001872.SZ,20250225,19.22,19.3,18.82,18.89,19.22,-1.717,64560.57,122576.508
001896.SZ,20250225,4.01,4.02,3.96,3.97,4.0,-0.75,122541.01,48860.776
001914.SZ,20250225,9.91,10.01,9.8,9.81,10.02,-2.0958,50967.96,50355.52
001965.SZ,20250225,13.11,13.39,13.05,13.23,13.11,0.9153,178838.81,236322.061
001979.SZ,20250225,9.55,9.66,9.47,9.59,9.62,-0.3119,520987.47,499296.406
002001.SZ,20250225,21.64,21.82,21.39,21.42,21.66,-1.108,203927.18,438930.609
002003.SZ,20250225,12.95,13.08,12.72,12.76,13.08,-2.4465,98917.36,127327.333
002004.SZ,20250225,3.87,3.88,3.84,3.85,3.88,-0.7732,166405.41,64201.184
002005.SZ,20250225,1.92,1.94,1.87,1.88,1.92,-2.0833,127577.0,24266.526
002006.SZ,20250225,18.71,19.15,18.62,18.84,19.04,-1.0504,137476.0,259794.865
002007.SZ,20250225,16.11,16.11,15.85,15.87,16.22,-2.1578,124477.22,198216.712
002008.SZ,20250225,28.52,29.09,28.4,28.67,29.06,-1.3421,340892.12,979561.133
002009.SZ,20250225,16.89,17.45,16.8,17.06,17.34,-1.6148,388000.24,663729.937
002010.SZ,20250225,5.18,5.2,5.08,5.1,5.25,-2.8571,542037.74,277929.278
002011.SZ,20250225,12.87,13.32,12.82,13.05,13.05,0.0,164693.11,215303.393
002012.SZ,20250225,4.67,4.75,4.61,4.64,4.69,-1.0661,77278.0,36011.963
002014.SZ,20250225,10.3,10.3,10.17,10.19,10.31,-1.1639,34766.2,35529.099
002015.SZ,20250225,7.81,7.88,7.71,7.8,7.89,-1.1407,209468.8,163495.85
002016.SZ,20250225,6.1,6.13,5.94,6.01,6.12,-1.7974,183610.0,111020.024
002017.SZ,20250225,11.16,11.8,11.13,11.29,11.39,-0.878,191034.75,216966.789
002019.SZ,20250225,10.81,10.81,10.69,10.72,10.87,-1.3799,96235.0,103402.469
002020.SZ,20250225,12.59,12.59,12.44,12.48,12.63,-1.1876,128358.01,160487.522
002021.SZ,20250225,2.51,2.56,2.47,2.5,2.53,-1.1858,366375.91,92263.555
002022.SZ,20250225,6.08,6.15,6.04,6.09,6.11,-0.3273,44377.2,27058.542
002023.SZ,20250225,10.62,10.92,10.56,10.81,10.76,0.4647,230179.43,248499.156
002024.SZ,20250225,2.03,2.03,2.0,2.0,2.04,-1.9608,212187.33,42794.449
002025.SZ,20250225,47.1,49.9,47.01,49.76,47.54,4.6698,119286.78,580752.557
002026.SZ,20250225,10.88,11.25,10.81,11.16,11.01,1.3624,169799.7,189040.528
002027.SZ,20250225,6.49,6.55,6.43,6.46,6.53,-1.072,1140890.54,738945.853
002028.SZ,20250225,73.95,74.0,71.07,71.27,74.39,-4.1941,75099.81,540893.099
002029.SZ,20250225,6.13,6.21,6.11,6.14,6.19,-0.8078,71060.0,43715.358
002030.SZ,20250225,6.43,6.72,6.4,6.56,6.55,0.1527,539734.24,355681.724
002031.SZ,20250225,9.4,10.46,9.22,10.46,9.51,9.9895,6096570.08,6104246.787
002032.SZ,20250225,53.5,53.86,52.83,52.88,53.4,-0.9738,17295.75,92009.242
002033.SZ,20250225,8.61,8.67,8.5,8.53,8.65,-1.3873,85865.0,73757.958
002034.SZ,20250225,16.0,18.15,15.88,17.91,16.5,8.5455,417416.18,728165.553
002035.SZ,20250225,7.16,7.24,7.11,7.15,7.2,-0.6944,108089.78,77435.988
002036.SZ,20250225,13.71,13.99,13.2,13.33,13.46,-0.9658,1838936.97,2513368.395
002037.SZ,20250225,7.79,7.9,7.73,7.74,7.91,-2.1492,75722.0,58956.347
002038.SZ,20250225,7.06,7.08,6.99,7.01,7.12,-1.5449,119913.5,84253.553
002039.SZ,20250225,14.56,14.64,14.36,14.43,14.63,-1.3671,32729.6,47409.412
002040.SZ,20250225,6.54,6.54,6.47,6.49,6.58,-1.3678,30576.4,19882.121
002041.SZ,20250225,11.5,11.66,11.1,11.15,11.82,-5.6684,477327.19,539526.843
002042.SZ,20250225,5.3,5.43,4.9,5.28,5.4,-2.2222,1031834.36,528149.344
002043.SZ,20250225,10.5,10.53,10.42,10.44,10.56,-1.1364,80872.53,84596.524
002044.SZ,20250225,6.43,6.76,6.28,6.56,6.74,-2.6706,3326946.57,2170276.111
002045.SZ,20250225,18.4,18.88,18.2,18.41,18.75,-1.8133,439360.4,813976.741
002046.SZ,20250225,15.2,16.15,15.1,15.93,15.5,2.7742,413275.56,650530.292
002047.SZ,20250225,2.69,2.74,2.65,2.68,2.69,-0.3717,192087.93,51965.411
002048.SZ,20250225,12.51,12.57,12.37,12.5,12.53,-0.2394,83261.94,103848.974
002049.SZ,20250225,64.3,65.93,64.08,64.74,65.3,-0.8576,207206.75,1344581.237
002050.SZ,20250225,32.8,34.5,32.6,34.0,33.57,1.2809,1453491.19,4897620.461
002051.SZ,20250225,9.65,9.68,8.95,9.0,9.44,-4.661,820279.14,756421.027
002052.SZ,20250225,4.76,5.0,4.52,4.52,4.76,-5.042,271693.77,127715.272
002053.SZ,20250225,11.16,11.22,11.12,11.14,11.23,-0.8014,26959.0,30133.062
002054.SZ,20250225,6.32,6.38,6.27,6.31,6.36,-0.7862,81471.0,51513.125
002055.SZ,20250225,6.45,6.7,6.35,6.57,6.55,0.3053,445968.79,292878.666
002056.SZ,20250225,12.98,13.09,12.88,13.0,13.04,-0.3067,114480.07,148821.862
002057.SZ,20250225,8.2,8.23,8.07,8.1,8.29,-2.2919,267473.78,217674.57
002058.SZ,20250225,11.39,12.61,11.26,12.61,11.46,10.0349,110316.56,134347.897
002059.SZ,20250225,5.36,5.49,5.34,5.35,5.41,-1.1091,159270.95,85957.976
002060.SZ,20250225,3.55,3.56,3.51,3.51,3.57,-1.6807,134615.13,47502.916
002061.SZ,20250225,3.96,3.96,3.89,3.9,3.98,-2.0101,294279.99,115175.597
002062.SZ,20250225,5.26,5.29,5.19,5.22,5.26,-0.7605,106153.4,55526.696
002063.SZ,20250225,7.05,7.19,6.96,7.03,7.2,-2.3611,1015333.16,715262.135
002064.SZ,20250225,8.14,8.14,8.03,8.04,8.17,-1.5912,159939.08,129057.61
002065.SZ,20250225,13.67,14.05,12.98,13.16,14.42,-8.7379,6973264.41,9338552.458
002066.SZ,20250225,10.83,11.02,10.8,10.85,11.01,-1.4532,45876.0,49918.958
002067.SZ,20250225,4.4,4.52,4.36,4.39,4.53,-3.0905,1183712.82,522624.884
002068.SZ,20250225,12.58,13.63,12.56,12.85,12.89,-0.3103,431425.74,562075.56
002069.SZ,20250225,3.66,3.74,3.66,3.68,3.73,-1.3405,76445.99,28252.311
002072.SZ,20250225,4.73,4.95,4.73,4.77,4.82,-1.0373,56828.02,27537.742
002073.SZ,20250225,9.13,9.27,9.07,9.12,9.23,-1.1918,330668.0,302817.652
002074.SZ,20250225,22.77,23.2,22.65,22.93,23.02,-0.391,244742.11,562063.202
002075.SZ,20250225,5.98,5.98,5.86,5.88,6.05,-2.8099,435282.03,257416.666
002076.SZ,20250225,3.82,4.07,3.78,3.87,3.93,-1.5267,1589320.6,623386.215
002077.SZ,20250225,15.5,15.9,15.42,15.57,15.84,-1.7045,389926.49,609467.298
002078.SZ,20250225,13.87,14.0,13.58,13.58,13.93,-2.5126,186348.66,255612.472
002079.SZ,20250225,10.98,11.35,10.91,11.07,10.89,1.6529,626723.53,699635.537
002080.SZ,20250225,14.24,15.6,14.15,15.2,14.66,3.6835,1194648.7,1815385.657
002081.SZ,20250225,3.47,3.47,3.41,3.43,3.47,-1.1527,148201.63,50998.441
002082.SZ,20250225,5.89,5.89,5.77,5.78,5.91,-2.1997,77294.09,44932.782
002083.SZ,20250225,4.82,4.82,4.77,4.79,4.84,-1.0331,125115.57,59980.193
002084.SZ,20250225,2.94,2.98,2.9,2.93,2.95,-0.678,92906.9,27299.053
002085.SZ,20250225,21.39,21.65,20.82,20.87,21.42,-2.5677,2741978.26,5801519.167
002086.SZ,20250225,2.64,2.66,2.58,2.62,2.69,-2.6022,792138.39,207746.072
002088.SZ,20250225,11.91,12.01,11.75,11.92,11.94,-0.1675,23990.4,28524.06
002090.SZ,20250225,9.96,10.18,9.85,10.0,10.13,-1.2833,332544.63,333574.573
002091.SZ,20250225,7.57,7.61,7.49,7.53,7.64,-1.4398,200284.0,151143.825
002092.SZ,20250225,4.4,4.48,4.39,4.44,4.42,0.4525,147540.68,65584.19
002093.SZ,20250225,8.46,8.63,8.4,8.5,8.57,-0.8168,179397.84,152551.449
002094.SZ,20250225,5.71,5.9,5.7,5.78,5.84,-1.0274,379595.08,220877.998
002095.SZ,20250225,20.64,20.68,20.01,20.26,20.86,-2.8763,120929.44,246244.033
002096.SZ,20250225,11.18,11.18,10.95,11.01,11.25,-2.1333,60420.48,66812.153
002097.SZ,20250225,7.94,8.86,7.83,8.86,8.05,10.0621,984305.75,842178.127
002098.SZ,20250225,8.66,8.71,8.47,8.55,8.73,-2.0619,36451.0,31256.901
002099.SZ,20250225,4.82,4.84,4.75,4.77,4.82,-1.0373,75634.52,36222.034
002100.SZ,20250225,6.16,6.16,6.11,6.11,6.17,-0.9724,259300.03,158770.28
002101.SZ,20250225,12.02,12.47,11.97,12.44,12.1,2.8099,147784.95,181636.629
002102.SZ,20250225,3.01,3.17,3.0,3.07,3.02,1.6556,889679.06,275396.374
002103.SZ,20250225,10.54,10.6,10.31,10.4,10.65,-2.3474,220827.2,230893.494
002104.SZ,20250225,6.83,7.03,6.8,6.92,6.95,-0.4317,139074.25,96318.428
002105.SZ,20250225,5.34,5.41,5.28,5.32,5.41,-1.6636,37793.01,20222.459
002106.SZ,20250225,11.47,11.8,11.34,11.53,11.54,-0.0867,230578.14,266668.449
002107.SZ,20250225,4.62,4.67,4.56,4.58,4.64,-1.2931,53398.0,24630.731
002108.SZ,20250225,3.39,3.41,3.36,3.38,3.4,-0.5882,169305.81,57333.185
002109.SZ,20250225,3.18,3.23,3.17,3.19,3.21,-0.6231,66958.47,21389.732
002110.SZ,20250225,3.6,3.74,3.58,3.65,3.62,0.8287,321484.09,118129.11
002111.SZ,20250225,11.11,11.34,11.03,11.29,11.15,1.2556,144376.96,162187.341
002112.SZ,20250225,17.8,18.08,17.21,17.29,18.55,-6.7925,608483.64,1074726.712
002114.SZ,20250225,6.05,6.1,5.97,5.99,6.08,-1.4803,91366.0,55122.725
002115.SZ,20250225,7.81,7.92,7.66,7.74,7.94,-2.5189,803794.09,624836.069
002116.SZ,20250225,10.25,10.25,10.02,10.08,10.31,-2.2308,94993.64,96165.074
002117.SZ,20250225,14.38,14.67,14.13,14.25,14.86,-4.105,484854.29,696320.419
002119.SZ,20250225,17.27,18.58,17.25,18.16,17.79,2.0798,413006.12,747140.055
002120.SZ,20250225,7.27,7.28,7.18,7.19,7.31,-1.6416,215964.39,155876.985
002121.SZ,20250225,4.71,4.81,4.61,4.72,4.75,-0.6316,357360.62,169295.963
002122.SZ,20250225,4.9,5.17,4.83,5.04,4.98,1.2048,2439451.73,1223740.353
002123.SZ,20250225,16.66,18.33,16.61,17.68,17.24,2.5522,1625877.19,2864588.262
002124.SZ,20250225,2.76,2.77,2.7,2.71,2.77,-2.1661,410567.3,112018.933
002125.SZ,20250225,10.65,10.77,10.58,10.6,10.76,-1.487,109193.5,116520.792
002126.SZ,20250225,31.5,33.06,30.6,31.0,33.0,-6.0606,798124.46,2528905.74
002127.SZ,20250225,4.3,4.4,4.22,4.31,4.34,-0.6912,616899.55,265517.295
002128.SZ,20250225,17.64,17.82,17.34,17.38,17.7,-1.8079,129964.23,227754.294
002129.SZ,20250225,8.9,9.24,8.86,9.14,8.99,1.6685,887109.29,807163.171
002130.SZ,20250225,24.16,24.66,24.02,24.3,24.92,-2.488,971209.15,2358243.852
002131.SZ,20250225,4.47,4.48,4.35,4.38,4.57,-4.1575,8011598.3,3530637.411
002132.SZ,20250225,2.84,2.92,2.83,2.89,2.87,0.6969,310322.42,89670.045
002133.SZ,20250225,2.87,2.9,2.78,2.88,3.02,-4.6358,620408.0,175565.941
002134.SZ,20250225,19.97,21.21,19.81,20.22,20.11,0.547,119621.01,246583.137
002135.SZ,20250225,4.4,4.43,4.37,4.39,4.44,-1.1261,83365.31,36615.332
002136.SZ,20250225,9.77,9.86,9.73,9.75,9.85,-1.0152,24255.0,23732.533
002137.SZ,20250225,9.52,9.79,9.42,9.59,9.7,-1.134,411494.06,395368.67
002138.SZ,20250225,31.4,31.73,30.75,30.95,31.7,-2.3659,169321.67,527510.742
002139.SZ,20250225,16.7,17.78,16.64,17.38,16.92,2.7187,1039022.31,1792550.134
002140.SZ,20250225,9.32,9.35,9.09,9.11,9.42,-3.2909,93780.0,86095.087
002141.SZ,20250225,1.55,1.55,1.51,1.52,1.55,-1.9355,70991.56,10852.333
002142.SZ,20250225,24.41,24.44,23.82,23.91,24.4,-2.0082,375952.0,904064.409
002144.SZ,20250225,10.35,10.44,10.27,10.35,10.39,-0.385,23764.0,24634.617
002145.SZ,20250225,4.32,4.35,4.27,4.29,4.33,-0.9238,351680.22,151244.965
002146.SZ,20250225,1.57,1.61,1.55,1.57,1.58,-0.6329,1092442.73,173239.757
002148.SZ,20250225,8.01,8.2,7.78,7.96,8.22,-3.163,510829.96,406301.565
002149.SZ,20250225,18.9,19.71,18.67,19.12,19.1,0.1047,203808.21,390826.425
002150.SZ,20250225,13.22,13.35,13.15,13.2,13.33,-0.9752,59649.44,79013.805
002151.SZ,20250225,26.92,27.2,26.6,26.98,27.05,-0.2588,76265.71,205589.839
002152.SZ,20250225,14.43,14.66,14.21,14.3,14.95,-4.3478,1299416.66,1872081.381
002153.SZ,20250225,8.29,8.45,8.21,8.28,8.51,-2.7027,385692.22,321151.749
002154.SZ,20250225,4.19,4.2,4.13,4.14,4.2,-1.4286,260892.19,108530.922
002155.SZ,20250225,17.51,17.84,17.32,17.38,17.4,-0.1149,436271.27,766939.128
002156.SZ,20250225,30.92,31.98,30.81,31.0,31.62,-1.9608,997559.88,3124925.823
002157.SZ,20250225,2.91,2.92,2.88,2.89,2.93,-1.3652,666999.01,193128.747
002158.SZ,20250225,19.15,19.6,19.01,19.36,19.22,0.7284,97158.14,188476.871
002159.SZ,20250225,14.46,14.54,14.28,14.37,14.54,-1.1692,33507.5,48260.037
002160.SZ,20250225,3.74,3.8,3.71,3.77,3.77,0.0,135001.0,50803.198
002161.SZ,20250225,5.99,6.27,5.93,6.09,6.07,0.3295,288368.0,176109.632
002162.SZ,20250225,3.61,3.71,3.58,3.65,3.64,0.2747,211691.94,77591.881
002163.SZ,20250225,8.91,9.12,8.78,8.83,8.96,-1.4509,215922.0,192234.086
002164.SZ,20250225,6.31,6.64,6.25,6.5,6.47,0.4637,439161.02,286597.202
002165.SZ,20250225,4.51,4.99,4.47,4.67,4.54,2.8634,777783.22,365235.596
002166.SZ,20250225,7.66,7.75,7.59,7.69,7.73,-0.5175,103535.99,79469.918
002167.SZ,20250225,8.24,8.68,8.17,8.56,8.27,3.5067,864383.58,734119.359
002168.SZ,20250225,2.41,2.44,2.39,2.42,2.42,0.0,59649.5,14393.521
002169.SZ,20250225,6.15,6.63,6.12,6.34,6.22,1.9293,320020.27,204460.806
002170.SZ,20250225,8.43,8.43,8.2,8.23,8.49,-3.0624,195726.41,162281.893
002171.SZ,20250225,8.76,8.98,8.58,8.84,8.84,0.0,189100.94,166532.494
002172.SZ,20250225,3.44,3.5,3.41,3.45,3.48,-0.8621,128330.0,44383.896
002173.SZ,20250225,10.32,11.28,10.23,10.85,10.55,2.8436,714016.46,766743.758
002174.SZ,20250225,10.1,10.24,9.93,10.09,10.28,-1.8482,226660.01,228727.925
002175.SZ,20250225,5.6,5.87,5.55,5.65,5.74,-1.5679,1147612.9,655556.04
002176.SZ,20250225,7.83,8.42,7.78,8.29,7.91,4.804,1153685.05,941463.901
002177.SZ,20250225,5.02,5.1,4.94,5.01,5.05,-0.7921,364320.0,183479.135
002178.SZ,20250225,6.89,7.0,6.81,6.83,7.03,-2.845,317238.0,218193.041
002179.SZ,20250225,37.28,37.47,37.02,37.19,37.63,-1.1693,155258.47,578438.639
002180.SZ,20250225,27.1,28.38,27.0,27.7,27.43,0.9843,224125.99,623188.242
002181.SZ,20250225,6.1,6.18,5.99,6.06,6.21,-2.4155,414275.8,251674.37
002182.SZ,20250225,12.87,13.12,12.7,12.81,13.14,-2.5114,394725.92,508690.105
002183.SZ,20250225,4.53,4.86,4.51,4.76,4.59,3.7037,1077916.64,511053.026
002184.SZ,20250225,14.88,16.39,14.7,16.36,15.25,7.2787,694946.95,1085266.955
002185.SZ,20250225,11.61,11.88,11.58,11.7,11.8,-0.8475,723252.16,849181.733
002186.SZ,20250225,10.47,10.54,10.36,10.36,10.5,-1.3333,49954.0,52202.774
002187.SZ,20250225,6.89,7.08,6.77,6.93,6.95,-0.2878,258028.67,180320.35
002188.SZ,20250225,4.63,4.74,4.59,4.64,4.66,-0.4292,69008.42,32185.177
002189.SZ,20250225,20.61,21.44,20.41,21.15,20.83,1.5362,100320.3,211082.006
002190.SZ,20250225,17.19,17.37,17.03,17.19,17.26,-0.4056,57741.86,99513.909
002191.SZ,20250225,4.13,4.15,4.08,4.11,4.15,-0.9639,131273.27,54114.837
002192.SZ,20250225,31.76,32.67,31.62,31.91,31.93,-0.0626,70931.4,228361.089
002193.SZ,20250225,6.09,6.22,6.02,6.09,6.17,-1.2966,129396.08,79293.993
002194.SZ,20250225,12.14,12.97,12.1,12.87,12.39,3.8741,585010.2,745836.048
002195.SZ,20250225,4.86,4.97,4.77,4.88,4.97,-1.8109,3366915.02,1633940.197
002196.SZ,20250225,6.72,7.05,6.7,6.81,6.89,-1.1611,354129.34,242392.077
002197.SZ,20250225,4.91,5.26,4.81,4.85,5.01,-3.1936,791191.84,401446.451
002198.SZ,20250225,7.35,7.35,7.18,7.21,7.38,-2.3035,97785.0,70900.212
002199.SZ,20250225,6.92,7.19,6.88,7.09,7.0,1.2857,139045.0,98503.465
002200.SZ,20250225,5.39,5.41,5.32,5.32,5.42,-1.845,16199.0,8674.725
002201.SZ,20250225,5.52,5.57,5.46,5.51,5.59,-1.4311,105870.48,58418.482
002202.SZ,20250225,8.89,9.17,8.8,9.08,8.88,2.2523,726508.92,657222.017
002203.SZ,20250225,9.61,9.7,9.52,9.58,9.66,-0.8282,78935.41,75935.205
002204.SZ,20250225,5.01,5.04,4.95,5.0,5.02,-0.3984,174084.26,86996.154
002205.SZ,20250225,9.27,9.46,9.21,9.26,9.38,-1.2793,61423.0,57298.509
002206.SZ,20250225,4.37,4.37,4.28,4.3,4.39,-2.0501,203817.62,88099.276
002207.SZ,20250225,5.31,5.42,5.25,5.29,5.34,-0.9363,80424.0,42930.46
002208.SZ,20250225,7.58,7.67,7.45,7.5,7.7,-2.5974,276765.02,208424.643
002209.SZ,20250225,10.75,11.1,10.69,10.96,10.88,0.7353,74319.52,80919.005
002210.SZ,20250225,2.2,2.28,2.17,2.21,2.22,-0.4505,1047115.38,234315.365
002211.SZ,20250225,4.06,4.35,4.01,4.2,4.11,2.1898,387900.0,161475.845
002212.SZ,20250225,8.93,9.54,8.9,9.52,9.19,3.5909,1060127.5,981241.052
002213.SZ,20250225,18.45,19.45,18.1,19.01,19.03,-0.1051,310072.4,587569.698
002214.SZ,20250225,10.98,11.35,10.97,11.09,11.19,-0.8937,82356.46,91903.474
002215.SZ,20250225,9.13,9.21,8.94,9.03,9.19,-1.741,273431.66,247850.475
002216.SZ,20250225,11.08,11.12,10.88,10.92,11.08,-1.444,50117.91,54946.239
002217.SZ,20250225,2.08,2.11,2.05,2.06,2.1,-1.9048,377061.01,78358.152
002218.SZ,20250225,3.47,3.55,3.43,3.51,3.48,0.8621,352316.61,123806.717
002219.SZ,20250225,2.84,2.84,2.79,2.8,2.86,-2.0979,841228.37,236740.407
002221.SZ,20250225,10.43,10.6,10.33,10.46,10.41,0.4803,234400.97,245501.331
002222.SZ,20250225,35.8,39.95,35.66,38.98,36.32,7.3238,585346.33,2242312.161
002223.SZ,20250225,38.7,38.97,37.4,37.54,39.03,-3.8176,87849.64,333319.96
002224.SZ,20250225,4.52,4.55,4.45,4.51,4.56,-1.0965,211521.0,95337.794
002225.SZ,20250225,5.97,5.97,5.63,5.75,5.89,-2.3769,563784.8,324635.989
002226.SZ,20250225,5.72,5.79,5.58,5.62,5.77,-2.5997,217669.48,123584.026
002227.SZ,20250225,11.35,12.15,11.3,11.65,11.48,1.4808,153350.17,179950.564
002228.SZ,20250225,3.01,3.03,2.96,2.97,3.02,-1.6556,85401.38,25580.578
002229.SZ,20250225,13.62,13.8,13.41,13.52,14.08,-3.9773,421175.26,571689.344
002230.SZ,20250225,56.0,56.7,55.5,55.62,57.45,-3.1854,843546.02,4720261.616
002231.SZ,20250225,5.91,6.12,5.91,6.05,6.02,0.4983,125641.03,75976.873
002232.SZ,20250225,20.88,21.83,20.79,21.71,21.25,2.1647,311937.35,669634.148
002233.SZ,20250225,7.42,7.46,7.36,7.39,7.44,-0.672,57658.01,42646.281
002234.SZ,20250225,8.18,8.23,8.11,8.13,8.23,-1.2151,50812.01,41400.604
002235.SZ,20250225,5.72,5.95,5.66,5.77,5.78,-0.173,503803.18,292844.706
002236.SZ,20250225,17.5,18.14,17.36,17.74,17.92,-1.0045,788647.96,1393162.071
002237.SZ,20250225,10.41,10.48,10.29,10.3,10.45,-1.4354,111441.0,115665.223
002238.SZ,20250225,9.82,9.82,9.37,9.52,10.14,-6.1144,365700.23,349814.672
002239.SZ,20250225,3.2,3.27,3.15,3.22,3.2,0.625,1351682.61,435603.609
002240.SZ,20250225,13.35,13.72,13.31,13.47,13.45,0.1487,123554.55,167711.804
002241.SZ,20250225,28.97,30.59,28.84,29.97,29.61,1.2158,1318838.16,3938248.856
002242.SZ,20250225,10.03,10.16,9.95,9.96,10.1,-1.3861,65635.0,65677.264
002243.SZ,20250225,9.06,9.2,8.99,9.03,9.18,-1.634,177205.0,161166.681
002244.SZ,20250225,10.38,10.48,10.2,10.31,10.5,-1.8095,410513.32,423732.052
002245.SZ,20250225,14.59,15.6,14.5,14.84,15.11,-1.7869,1474259.05,2214426.234
002246.SZ,20250225,9.76,9.98,9.69,9.9,9.83,0.7121,90338.0,89219.412
002247.SZ,20250225,2.7,2.78,2.66,2.73,2.71,0.738,301982.0,82884.114
002248.SZ,20250225,8.72,9.19,8.7,9.02,8.85,1.9209,336025.0,303945.023
002249.SZ,20250225,6.28,6.43,6.23,6.32,6.33,-0.158,690498.99,438037.503
002250.SZ,20250225,6.99,7.06,6.87,6.9,7.06,-2.2663,279912.18,194408.761
002251.SZ,20250225,4.07,4.11,4.04,4.05,4.06,-0.2463,160191.97,65307.187
002252.SZ,20250225,6.78,6.82,6.73,6.79,6.8,-0.1471,299865.63,203243.72
002253.SZ,20250225,12.98,13.87,12.69,13.54,13.11,3.2799,250855.0,337278.823
002254.SZ,20250225,9.89,10.4,9.85,10.22,10.06,1.5905,281271.67,286277.131
002255.SZ,20250225,6.31,6.51,6.29,6.39,6.38,0.1567,312758.0,200328.636
002256.SZ,20250225,2.42,2.46,2.39,2.41,2.45,-1.6327,520783.0,126614.859
002258.SZ,20250225,8.49,8.52,8.33,8.36,8.54,-2.1077,74566.0,62768.449
002259.SZ,20250225,2.53,2.58,2.51,2.53,2.53,0.0,49526.0,12609.753
002261.SZ,20250225,39.02,42.1,37.37,37.37,41.52,-9.9952,4421109.02,17429615.685
002262.SZ,20250225,21.54,21.67,20.89,21.0,21.69,-3.1812,162881.56,346891.969
002263.SZ,20250225,2.46,2.5,2.43,2.46,2.48,-0.8065,243914.0,60221.981
002264.SZ,20250225,6.6,6.71,6.49,6.59,6.66,-1.0511,210725.09,138809.197
002265.SZ,20250225,26.68,27.35,26.26,26.4,26.82,-1.566,411544.5,1101731.414
002266.SZ,20250225,3.27,3.31,3.23,3.28,3.29,-0.304,439944.44,144390.646
002267.SZ,20250225,7.5,7.54,7.41,7.42,7.53,-1.4608,57822.62,43138.492
002268.SZ,20250225,18.3,18.62,18.2,18.32,18.68,-1.9272,174292.93,320268.839
002269.SZ,20250225,2.14,2.22,2.12,2.16,2.16,0.0,1701583.5,369941.584
002270.SZ,20250225,15.77,15.8,15.42,15.56,15.88,-2.0151,104720.09,163199.427
002271.SZ,20250225,12.5,12.56,12.35,12.38,12.64,-2.057,250853.2,311802.533
002272.SZ,20250225,10.97,12.6,10.97,11.94,11.8,1.1864,1319243.22,1548154.726
002273.SZ,20250225,25.55,26.8,25.3,26.13,25.96,0.6549,1031856.56,2695862.479
002274.SZ,20250225,7.83,7.83,7.7,7.7,7.85,-1.9108,164744.19,127415.109
002275.SZ,20250225,13.58,13.6,13.38,13.4,13.62,-1.6153,31439.0,42385.764
002276.SZ,20250225,10.58,11.18,10.51,10.8,10.88,-0.7353,1128097.72,1232269.196
002277.SZ,20250225,5.45,5.87,5.43,5.58,5.56,0.3597,1466821.36,828896.975
002278.SZ,20250225,5.66,5.75,5.6,5.63,5.74,-1.9164,80260.0,45594.544
002279.SZ,20250225,7.3,7.77,7.24,7.51,7.5,0.1333,589652.65,443367.478
002281.SZ,20250225,55.82,57.51,55.13,56.1,57.52,-2.4687,461601.25,2589597.458
002282.SZ,20250225,8.3,8.38,8.07,8.12,8.38,-3.1026,173470.29,141573.206
002283.SZ,20250225,6.45,6.85,6.36,6.73,6.57,2.4353,787071.83,520083.984
002284.SZ,20250225,9.5,9.87,9.5,9.72,9.58,1.4614,294627.73,286240.696
002285.SZ,20250225,2.54,2.68,2.52,2.55,2.56,-0.3906,607400.2,157381.781
002286.SZ,20250225,7.31,7.38,7.24,7.26,7.36,-1.3587,39001.01,28484.862
002287.SZ,20250225,21.76,21.87,21.41,21.81,21.76,0.2298,15762.49,34183.282
002289.SZ,20250225,3.9,4.1,3.87,4.1,3.9,5.1282,41813.81,16861.387
002290.SZ,20250225,24.0,25.63,23.87,23.87,26.52,-9.9925,341813.84,832059.206
002291.SZ,20250225,6.92,6.99,6.8,6.9,7.03,-1.8492,532494.0,367215.031
002292.SZ,20250225,9.72,9.94,9.49,9.66,9.87,-2.1277,802705.28,776029.131
002293.SZ,20250225,7.58,7.65,7.48,7.57,7.56,0.1323,48801.78,36835.254
002294.SZ,20250225,29.19,29.5,28.9,28.99,29.42,-1.4616,57436.68,167409.117
002295.SZ,20250225,7.29,7.38,7.23,7.28,7.35,-0.9524,30067.0,21933.21
002296.SZ,20250225,11.36,11.53,11.22,11.29,11.52,-1.9965,234550.53,266108.47
002297.SZ,20250225,6.59,6.73,6.55,6.63,6.64,-0.1506,111107.0,73632.579
002298.SZ,20250225,5.77,6.44,5.71,6.44,5.85,10.0855,509267.0,319137.821
002299.SZ,20250225,13.68,13.73,13.44,13.5,13.79,-2.103,101763.59,137681.742
002300.SZ,20250225,5.32,5.39,5.3,5.32,5.38,-1.1152,55603.9,29666.939
002301.SZ,20250225,8.29,8.33,8.13,8.19,8.42,-2.7316,325811.5,267811.062
002302.SZ,20250225,6.38,6.53,6.31,6.35,6.44,-1.3975,188269.0,119973.627
002303.SZ,20250225,3.3,3.4,3.27,3.31,3.31,0.0,231534.39,77054.132
002304.SZ,20250225,78.95,78.95,77.87,77.91,79.34,-1.8024,40964.96,321075.262
002305.SZ,20250225,1.54,1.61,1.53,1.56,1.56,0.0,769089.0,121175.121
002306.SZ,20250225,2.55,2.68,2.52,2.63,2.59,1.5444,462135.02,121668.046
002307.SZ,20250225,4.27,4.27,4.1,4.18,4.29,-2.5641,998361.2,416067.773
002309.SZ,20250225,2.2,2.27,2.17,2.22,2.2,0.9091,85084.42,18954.949
002310.SZ,20250225,1.69,1.73,1.67,1.69,1.68,0.5952,365906.5,62360.498
002311.SZ,20250225,47.71,47.8,46.99,47.1,47.88,-1.6291,47919.51,226456.186
002312.SZ,20250225,13.55,13.81,13.17,13.23,13.81,-4.1999,1121821.41,1496600.815
002313.SZ,20250225,11.03,11.32,10.93,11.19,11.26,-0.6217,224298.0,250755.763
002314.SZ,20250225,2.31,2.34,2.27,2.29,2.32,-1.2931,216162.6,49942.056
002315.SZ,20250225,45.28,45.28,44.0,44.38,45.82,-3.1427,124435.66,554982.632
002316.SZ,20250225,3.63,3.73,3.6,3.64,3.64,0.0,95695.0,35119.206
002317.SZ,20250225,10.87,10.9,10.78,10.82,10.91,-0.8249,116951.89,126695.124
002318.SZ,20250225,22.8,22.87,22.35,22.42,22.87,-1.9676,63045.57,142196.994
002319.SZ,20250225,11.29,11.3,10.93,11.07,11.23,-1.4248,49473.0,54845.625
002320.SZ,20250225,6.25,6.39,6.15,6.33,6.28,0.7962,256365.13,162093.102
002321.SZ,20250225,2.81,2.96,2.71,2.75,2.71,1.476,1801593.47,506514.764
002322.SZ,20250225,14.12,14.19,13.9,13.97,14.19,-1.5504,52254.11,73483.952
002323.SZ,20250225,1.72,1.89,1.69,1.89,1.72,9.8837,1434482.68,262102.644
002324.SZ,20250225,9.69,10.34,9.63,10.08,9.79,2.9622,325208.89,324055.313
002326.SZ,20250225,9.59,10.15,9.55,9.95,9.72,2.3663,315016.02,312323.428
002327.SZ,20250225,8.11,8.12,7.95,7.99,8.13,-1.722,105300.0,84360.726
002328.SZ,20250225,6.98,7.25,6.93,6.96,7.09,-1.8336,600998.68,425496.837
002329.SZ,20250225,3.36,3.45,3.31,3.44,3.36,2.381,339185.5,115517.723
002330.SZ,20250225,4.31,4.36,4.28,4.3,4.32,-0.463,69853.0,30113.554
002331.SZ,20250225,8.42,8.62,8.29,8.47,8.5,-0.3529,74961.6,63561.324
002332.SZ,20250225,9.76,9.76,9.66,9.66,9.81,-1.5291,153091.0,148685.447
002333.SZ,20250225,5.48,5.5,5.42,5.48,5.48,0.0,39109.0,21376.874
002334.SZ,20250225,9.42,10.55,9.31,10.07,9.71,3.7075,1436875.64,1427196.281
002335.SZ,20250225,49.53,52.5,48.02,50.26,52.14,-3.6057,879869.24,4451568.904
002336.SZ,20250225,5.33,5.45,5.29,5.34,5.37,-0.5587,24742.1,13230.297
002337.SZ,20250225,5.5,5.64,5.45,5.58,5.54,0.722,181233.98,101066.289
002338.SZ,20250225,42.0,44.45,41.42,43.4,42.75,1.5205,136209.92,585657.483
002339.SZ,20250225,7.54,7.85,7.54,7.74,7.66,1.0444,439572.14,339535.111
002340.SZ,20250225,6.94,7.07,6.89,6.92,6.94,-0.2882,2069581.31,1443254.132
002342.SZ,20250225,3.2,3.21,3.16,3.18,3.21,-0.9346,111996.0,35656.68
002343.SZ,20250225,7.75,8.38,7.75,7.94,8.61,-7.7816,1150783.68,911748.69
002344.SZ,20250225,4.34,4.38,4.28,4.32,4.36,-0.9174,168433.0,73090.263
002345.SZ,20250225,6.56,7.02,6.51,6.83,6.6,3.4848,472694.19,322806.814
002346.SZ,20250225,11.21,11.51,11.21,11.43,11.37,0.5277,51897.33,59237.859
002347.SZ,20250225,9.16,9.45,9.1,9.17,9.46,-3.0655,723268.89,666400.572
002348.SZ,20250225,3.82,3.96,3.77,3.87,3.87,0.0,631829.98,244336.5
002349.SZ,20250225,7.3,7.3,7.22,7.22,7.34,-1.6349,116577.43,84584.941
002350.SZ,20250225,6.6,6.79,6.57,6.68,6.73,-0.7429,150883.19,100892.545
002351.SZ,20250225,16.0,16.92,15.84,16.55,16.29,1.5961,365241.91,602354.103
002352.SZ,20250225,41.3,41.35,40.83,40.89,41.54,-1.5648,182036.85,747003.784
002353.SZ,20250225,35.35,35.41,33.9,34.2,35.62,-3.9865,148368.96,514409.798
002354.SZ,20250225,7.49,7.97,7.44,7.81,7.7,1.4286,2266323.91,1761006.726
002355.SZ,20250225,7.11,7.38,7.06,7.29,7.18,1.532,293508.0,213411.005
002356.SZ,20250225,3.13,3.16,3.09,3.1,3.14,-1.2739,121848.5,38048.893
002357.SZ,20250225,8.77,9.1,8.58,8.87,8.9,-0.3371,153092.52,134945.279
002358.SZ,20250225,5.31,5.53,5.26,5.42,5.41,0.1848,412405.62,222808.143
002360.SZ,20250225,5.01,5.07,5.01,5.02,5.05,-0.5941,47844.0,24082.795
002361.SZ,20250225,5.8,6.28,5.6,5.9,5.71,3.3275,2163964.97,1270653.884
002362.SZ,20250225,26.33,26.8,26.07,26.41,26.87,-1.7119,124360.01,329015.745
002363.SZ,20250225,7.1,7.23,7.08,7.16,7.16,0.0,66834.7,47925.728
002364.SZ,20250225,17.63,19.12,17.63,18.19,19.37,-6.0919,883877.5,1630734.945
002365.SZ,20250225,8.4,8.4,8.25,8.27,8.37,-1.1947,30238.75,25090.499
002366.SZ,20250225,4.75,4.81,4.7,4.74,4.79,-1.0438,317510.79,150702.467
002367.SZ,20250225,6.98,7.13,6.92,7.01,7.04,-0.4261,102613.38,72074.312
002368.SZ,20250225,30.28,31.19,29.8,30.0,31.77,-5.5713,433815.38,1315474.733
002369.SZ,20250225,11.05,12.53,10.42,12.53,11.39,10.0088,2493070.8,2963131.092
002370.SZ,20250225,3.4,3.46,3.36,3.4,3.46,-1.7341,228783.0,78060.269
002371.SZ,20250225,461.05,465.28,449.3,456.03,468.0,-2.5577,79481.37,3627728.0
002372.SZ,20250225,11.65,11.66,11.49,11.5,11.67,-1.4567,80630.66,93026.613
002373.SZ,20250225,10.89,11.16,10.74,10.97,11.09,-1.0821,403256.28,442268.335
002374.SZ,20250225,2.71,2.76,2.68,2.73,2.74,-0.365,190135.02,51971.131
002375.SZ,20250225,3.94,3.99,3.92,3.94,3.98,-1.005,99446.62,39273.82
002376.SZ,20250225,7.13,7.27,7.09,7.16,7.25,-1.2414,159170.33,114220.77
002377.SZ,20250225,2.85,2.89,2.83,2.85,2.87,-0.6969,202529.0,57899.925
002378.SZ,20250225,6.64,6.68,6.57,6.57,6.66,-1.3514,93025.45,61543.068
002379.SZ,20250225,10.07,10.15,9.78,9.95,10.04,-0.8964,203225.0,201631.545
002380.SZ,20250225,26.88,29.3,26.77,28.3,27.46,3.059,163183.0,459211.112
002381.SZ,20250225,6.81,6.84,6.76,6.8,6.87,-1.0189,42637.0,29023.41
002382.SZ,20250225,5.06,5.08,5.0,5.02,5.09,-1.3752,64196.97,32359.947
002383.SZ,20250225,8.2,8.49,8.14,8.36,8.3,0.7229,260997.14,217687.393
002384.SZ,20250225,34.02,35.81,33.6,34.87,34.31,1.6322,912103.87,3180867.936
002385.SZ,20250225,4.27,4.3,4.15,4.2,4.34,-3.2258,1705258.8,716520.791
002386.SZ,20250225,4.33,4.35,4.28,4.29,4.35,-1.3793,102244.25,44115.486
002387.SZ,20250225,12.01,13.12,11.93,12.74,12.17,4.6836,863395.51,1093464.757
002388.SZ,20250225,3.48,3.53,3.46,3.47,3.51,-1.1396,111599.0,38922.657
002389.SZ,20250225,18.64,18.9,18.32,18.61,18.76,-0.7996,165081.81,306977.93
002390.SZ,20250225,4.15,4.22,4.11,4.19,4.18,0.2392,359950.91,150299.174
002391.SZ,20250225,5.05,5.07,5.01,5.04,5.07,-0.5917,42975.5,21651.395
002392.SZ,20250225,4.72,4.96,4.64,4.94,4.72,4.661,386360.43,186899.595
002393.SZ,20250225,17.02,17.03,16.8,16.81,17.08,-1.5808,16869.98,28487.81
002394.SZ,20250225,7.78,7.81,7.71,7.74,7.82,-1.023,60072.02,46587.569
002395.SZ,20250225,17.31,17.6,17.26,17.32,17.59,-1.535,48034.53,83652.708
002396.SZ,20250225,22.93,23.45,22.65,22.94,23.48,-2.2998,292110.24,670833.837
002397.SZ,20250225,3.78,3.78,3.68,3.71,3.78,-1.8519,249540.0,92861.876
002398.SZ,20250225,6.2,6.35,6.1,6.21,6.39,-2.8169,700857.23,432860.772
002399.SZ,20250225,11.92,12.0,11.66,11.71,11.92,-1.7617,73741.53,87208.958
002400.SZ,20250225,9.23,9.38,9.1,9.15,9.45,-3.1746,1603245.14,1474512.569
002401.SZ,20250225,17.88,18.04,17.39,17.46,18.69,-6.5811,502268.49,889825.525
002402.SZ,20250225,20.86,21.43,20.71,20.98,21.44,-2.1455,732719.43,1541601.166
002403.SZ,20250225,18.85,21.24,18.63,20.38,19.31,5.5412,695380.93,1407812.175
002404.SZ,20250225,6.1,6.25,6.05,6.13,6.12,0.1634,79990.24,49288.349
002405.SZ,20250225,10.03,10.41,9.9,10.13,10.01,1.1988,1255744.4,1276696.931
002406.SZ,20250225,7.21,7.29,7.12,7.15,7.31,-2.1888,363220.34,261149.738
002407.SZ,20250225,12.06,12.28,12.0,12.14,12.15,-0.0823,180046.07,218986.386
002408.SZ,20250225,4.72,4.72,4.66,4.68,4.74,-1.2658,135571.54,63527.562
002409.SZ,20250225,63.11,65.28,62.75,63.87,64.08,-0.3277,100899.18,644059.505
002410.SZ,20250225,13.68,14.3,13.5,14.1,13.9,1.4388,536012.44,754008.979
002412.SZ,20250225,6.13,6.16,6.05,6.09,6.15,-0.9756,51303.58,31279.098
002413.SZ,20250225,4.89,5.03,4.85,4.94,4.95,-0.202,402920.7,199697.608
002414.SZ,20250225,8.5,8.7,8.31,8.42,8.98,-6.2361,1951125.11,1656717.183
002415.SZ,20250225,31.46,31.46,30.85,31.1,31.85,-2.3548,743263.58,2315056.405
002416.SZ,20250225,13.45,14.2,13.4,13.82,13.62,1.4684,686473.51,956130.894
002418.SZ,20250225,3.63,3.84,3.61,3.74,3.69,1.355,1937786.18,725060.488
002419.SZ,20250225,5.06,5.15,5.04,5.07,5.13,-1.1696,161784.92,82552.353
002420.SZ,20250225,5.98,6.04,5.93,5.95,6.0,-0.8333,81729.0,48897.423
002421.SZ,20250225,3.92,4.08,3.85,3.97,3.96,0.2525,1301162.0,516828.822
002422.SZ,20250225,28.3,28.42,27.91,28.1,28.44,-1.1955,112827.27,317357.41
002423.SZ,20250225,13.5,13.6,13.28,13.34,13.71,-2.6988,392753.33,528028.177
002424.SZ,20250225,3.93,3.98,3.91,3.94,3.96,-0.5051,150753.32,59327.574
002425.SZ,20250225,2.31,2.33,2.27,2.29,2.34,-2.1368,278634.49,64057.595
002426.SZ,20250225,3.49,3.66,3.46,3.56,3.56,0.0,4583399.96,1643749.887
002427.SZ,20250225,4.6,4.6,4.0,4.03,4.18,-3.5885,666068.83,283878.169
002428.SZ,20250225,19.66,20.18,19.6,19.71,19.86,-0.7553,253092.95,502089.701
002429.SZ,20250225,5.47,5.63,5.42,5.55,5.55,0.0,1031191.44,571977.054
002430.SZ,20250225,20.7,20.97,20.53,20.68,20.9,-1.0526,53847.93,111580.755
002431.SZ,20250225,2.1,2.14,2.06,2.08,2.15,-3.2558,471644.23,99241.21
002432.SZ,20250225,42.79,43.07,42.41,42.55,43.28,-1.6867,66996.43,286730.45
002434.SZ,20250225,6.87,7.16,6.85,7.06,6.95,1.5827,317356.97,222996.203
002436.SZ,20250225,13.41,13.62,13.13,13.34,13.84,-3.6127,1204577.07,1609340.057
002437.SZ,20250225,2.47,2.5,2.44,2.45,2.48,-1.2097,474977.52,117160.77
002438.SZ,20250225,11.55,11.73,11.47,11.57,11.66,-0.7719,96806.0,112120.266
002439.SZ,20250225,19.04,19.17,18.6,18.66,19.62,-4.893,607730.44,1147262.473
002440.SZ,20250225,7.26,7.27,7.0,7.02,7.26,-3.3058,69956.0,49646.151
002441.SZ,20250225,9.07,9.15,9.01,9.02,9.22,-2.1692,117542.0,106501.76
002442.SZ,20250225,5.68,6.31,5.67,5.92,5.74,3.1359,481403.34,288726.332
002443.SZ,20250225,5.97,5.98,5.91,5.92,5.98,-1.0033,52116.0,30933.514
002444.SZ,20250225,29.91,30.26,29.71,29.83,30.18,-1.1597,106989.6,320175.128
002445.SZ,20250225,2.41,2.44,2.39,2.39,2.43,-1.6461,449086.66,108426.293
002446.SZ,20250225,6.3,6.72,6.26,6.52,6.38,2.1944,498682.96,325740.654
002448.SZ,20250225,8.0,8.2,7.97,8.06,8.14,-0.9828,339956.05,273862.942
002449.SZ,20250225,10.87,11.32,10.81,11.1,11.06,0.3617,698376.63,776965.733
002451.SZ,20250225,6.47,6.61,6.45,6.53,6.55,-0.3053,87045.31,56951.073
002452.SZ,20250225,7.53,7.61,7.47,7.57,7.57,0.0,151560.04,114474.966
002453.SZ,20250225,5.97,6.1,5.85,6.03,6.0,0.5,371128.4,222147.122
002454.SZ,20250225,6.87,7.15,6.85,7.13,6.94,2.7378,163809.99,115818.096
002455.SZ,20250225,7.8,7.88,7.76,7.83,7.9,-0.8861,152430.0,119370.357
002456.SZ,20250225,13.9,15.31,13.77,14.51,13.96,3.9398,5643521.29,8190498.506
002457.SZ,20250225,11.87,11.9,11.68,11.7,11.98,-2.3372,123455.0,145513.118
002458.SZ,20250225,8.58,8.58,8.41,8.42,8.58,-1.8648,101153.22,85466.71
002459.SZ,20250225,12.55,13.03,12.49,12.88,12.74,1.0989,701394.92,901903.373
002460.SZ,20250225,35.15,36.46,35.02,35.49,35.5,-0.0282,342144.71,1227770.317
002461.SZ,20250225,9.26,9.29,9.02,9.05,9.25,-2.1622,142542.1,130015.997
002462.SZ,20250225,12.71,12.77,12.61,12.64,12.78,-1.0955,26909.0,34098.245
002463.SZ,20250225,39.45,39.55,38.67,38.88,39.99,-2.7757,686488.69,2676111.087
002465.SZ,20250225,11.56,11.68,11.45,11.5,11.73,-1.9608,382143.24,441605.302
002466.SZ,20250225,32.2,33.5,32.11,32.6,32.53,0.2152,297420.82,978548.431
002467.SZ,20250225,6.68,6.76,6.6,6.62,6.85,-3.3577,1222242.14,813413.039
002468.SZ,20250225,11.2,11.32,11.12,11.17,11.36,-1.6725,149055.66,167012.755
002469.SZ,20250225,7.61,7.64,7.51,7.53,7.64,-1.4398,146460.0,110902.843
002470.SZ,20250225,2.03,2.08,1.99,2.0,2.06,-2.9126,1345026.0,272972.542
002471.SZ,20250225,2.66,2.67,2.62,2.63,2.67,-1.4981,229973.0,60633.781
002472.SZ,20250225,40.01,41.58,39.75,40.46,41.14,-1.6529,354524.44,1436674.382
002474.SZ,20250225,7.59,8.61,7.52,8.2,7.83,4.7254,1634094.0,1350232.916
002475.SZ,20250225,44.2,47.0,43.99,46.18,44.9,2.8508,911926.87,4187616.242
002476.SZ,20250225,4.4,4.47,4.34,4.42,4.4,0.4545,121001.07,53498.088
002478.SZ,20250225,5.07,5.07,5.01,5.02,5.08,-1.1811,75923.67,38267.734
002479.SZ,20250225,4.65,4.66,4.58,4.59,4.64,-1.0776,69020.0,31896.64
002480.SZ,20250225,5.38,5.43,5.29,5.34,5.43,-1.6575,164695.58,88172.234
002481.SZ,20250225,5.16,5.21,5.08,5.09,5.19,-1.9268,203114.0,104057.069
002482.SZ,20250225,1.99,2.05,1.97,1.98,2.0,-1.0,663053.2,133244.98
002483.SZ,20250225,6.5,6.62,6.45,6.48,6.55,-1.0687,181335.37,118507.125
002484.SZ,20250225,23.0,23.75,22.94,23.46,23.52,-0.2551,236854.23,553426.19
002485.SZ,20250225,2.89,2.9,2.79,2.84,2.94,-3.4014,58121.02,16475.896
002486.SZ,20250225,2.35,2.42,2.32,2.35,2.37,-0.8439,193654.0,45926.727
002487.SZ,20250225,19.53,20.76,19.47,20.3,19.72,2.9412,235887.43,480168.694
002488.SZ,20250225,11.69,11.88,11.42,11.48,11.87,-3.2856,214031.75,248848.485
002489.SZ,20250225,3.54,3.56,3.49,3.5,3.56,-1.6854,395871.42,139621.469
002490.SZ,20250225,3.81,3.9,3.74,3.9,3.71,5.1213,167493.01,64410.965
002491.SZ,20250225,5.32,5.45,5.26,5.37,5.37,0.0,398518.64,214205.074
002492.SZ,20250225,4.96,5.0,4.92,4.95,4.98,-0.6024,53364.0,26444.619
002493.SZ,20250225,8.82,8.86,8.69,8.7,8.84,-1.5837,215302.97,188685.158
002494.SZ,20250225,4.22,4.31,4.2,4.23,4.28,-1.1682,85762.0,36499.769
002495.SZ,20250225,2.39,2.44,2.36,2.38,2.41,-1.2448,317898.46,76436.545
002496.SZ,20250225,1.61,1.71,1.58,1.64,1.61,1.8634,813290.9,134317.526
002497.SZ,20250225,12.21,12.52,12.15,12.37,12.38,-0.0808,148836.48,184018.071
002498.SZ,20250225,3.6,3.67,3.5,3.55,3.59,-1.1142,1211849.76,433295.11
002500.SZ,20250225,6.14,6.14,6.05,6.06,6.18,-1.9417,259484.02,158262.127
002501.SZ,20250225,2.51,2.51,2.51,2.51,2.28,10.0877,265196.37,66564.289
002506.SZ,20250225,2.55,2.64,2.53,2.61,2.57,1.5564,1544701.47,401494.593
002507.SZ,20250225,13.28,13.3,13.13,13.15,13.36,-1.5719,164682.83,216904.874
002508.SZ,20250225,20.91,20.97,20.66,20.72,21.04,-1.5209,67637.03,140739.106
002510.SZ,20250225,6.09,6.32,6.04,6.2,6.17,0.4862,599204.6,372164.382
002511.SZ,20250225,6.43,6.45,6.37,6.38,6.46,-1.2384,81425.99,52129.744
002512.SZ,20250225,5.17,5.49,5.1,5.35,5.25,1.9048,1204410.15,645177.179
002513.SZ,20250225,4.58,4.62,4.49,4.5,4.62,-2.5974,96445.0,43838.711
002514.SZ,20250225,7.44,8.2,7.36,7.97,7.51,6.1252,969120.28,770425.484
002515.SZ,20250225,4.64,4.64,4.48,4.51,4.68,-3.6325,544310.26,246916.111
002516.SZ,20250225,5.11,5.22,5.08,5.15,5.15,0.0,132142.15,68230.528
002517.SZ,20250225,16.28,16.4,16.0,16.1,16.49,-2.3651,413924.96,669111.071
002518.SZ,20250225,28.02,29.0,28.02,28.29,29.35,-3.6116,278875.37,793769.917
002519.SZ,20250225,5.12,5.29,5.08,5.23,5.18,0.9653,660015.47,345168.668
002520.SZ,20250225,7.61,8.06,7.55,7.84,7.83,0.1277,863242.18,679816.805
002521.SZ,20250225,9.18,9.23,9.1,9.11,9.26,-1.6199,44966.0,41163.185
002522.SZ,20250225,5.99,6.63,5.8,6.08,6.03,0.8292,2991603.1,1877125.955
002523.SZ,20250225,3.48,3.57,3.45,3.51,3.53,-0.5666,542094.07,191240.622
002524.SZ,20250225,4.36,4.6,4.31,4.35,4.42,-1.5837,406875.01,180347.782
002526.SZ,20250225,4.23,4.47,4.2,4.38,4.31,1.6241,2355537.76,1031440.455
002527.SZ,20250225,18.44,19.6,18.28,18.31,18.0,1.7222,2172136.02,4094288.115
002528.SZ,20250225,2.69,2.78,2.65,2.72,2.76,-1.4493,250534.9,67922.305
002529.SZ,20250225,7.29,7.53,7.2,7.32,7.28,0.5495,120395.26,88311.226
002530.SZ,20250225,12.65,13.88,12.37,12.78,12.83,-0.3897,1634754.91,2136898.712
002531.SZ,20250225,7.24,7.47,7.21,7.4,7.3,1.3699,388059.37,286394.94
002532.SZ,20250225,8.7,8.74,8.49,8.51,8.73,-2.52,398629.65,342255.315
002533.SZ,20250225,10.63,10.96,10.53,10.65,10.66,-0.0938,303591.35,326016.453
002534.SZ,20250225,12.78,13.03,12.75,12.92,12.94,-0.1546,79273.17,102449.295
002535.SZ,20250225,4.28,4.31,4.21,4.26,4.3,-0.9302,316059.31,134824.939
002536.SZ,20250225,17.0,18.38,16.4,17.64,16.87,4.5643,1083569.43,1875541.676
002537.SZ,20250225,5.7,5.8,5.66,5.73,5.76,-0.5208,150525.72,86331.427
002538.SZ,20250225,5.67,5.68,5.6,5.61,5.72,-1.9231,144216.0,81294.927
002539.SZ,20250225,7.86,7.86,7.65,7.67,7.88,-2.665,171311.34,132079.787
002540.SZ,20250225,5.99,5.99,5.88,5.89,5.99,-1.6694,69128.0,41059.029
002541.SZ,20250225,18.12,18.23,17.4,17.51,18.35,-4.5777,114577.75,202545.839
002542.SZ,20250225,4.12,4.35,4.07,4.21,4.21,0.0,1209146.23,513791.447
002543.SZ,20250225,11.3,11.48,11.3,11.35,11.51,-1.3901,56851.82,64690.02
002544.SZ,20250225,21.91,23.55,21.7,22.69,22.32,1.6577,198626.97,455828.85
002545.SZ,20250225,7.6,7.77,7.49,7.56,7.68,-1.5625,355261.37,270283.381
002546.SZ,20250225,4.8,4.97,4.78,4.9,4.87,0.616,221816.0,108475.4
002547.SZ,20250225,5.49,5.8,5.29,5.6,5.54,1.083,1527306.15,843905.29
002548.SZ,20250225,3.86,3.88,3.81,3.82,3.92,-2.551,328313.44,125967.63
002549.SZ,20250225,6.37,6.57,6.34,6.49,6.42,1.0903,138030.63,89482.03
002550.SZ,20250225,5.41,5.43,5.32,5.34,5.43,-1.6575,182022.0,97563.197
002551.SZ,20250225,3.37,3.44,3.35,3.4,3.4,0.0,120213.07,40889.82
002552.SZ,20250225,14.98,15.22,14.91,14.95,15.13,-1.1897,70264.76,105781.222
002553.SZ,20250225,15.5,16.61,15.38,16.3,15.82,3.0341,522447.0,841386.968
002554.SZ,20250225,2.51,2.54,2.48,2.5,2.53,-1.1858,152640.12,38330.825
002555.SZ,20250225,15.96,16.03,15.78,15.85,16.12,-1.6749,389571.58,618854.702
002556.SZ,20250225,5.51,5.52,5.41,5.42,5.58,-2.8674,211234.37,115527.026
002557.SZ,20250225,27.6,27.89,27.14,27.19,27.76,-2.0533,62965.31,172701.885
002558.SZ,20250225,16.3,16.46,15.84,15.99,16.57,-3.5003,334333.25,538846.153
002559.SZ,20250225,10.2,10.58,10.13,10.35,10.36,-0.0965,586550.5,609559.858
002560.SZ,20250225,6.54,6.61,6.47,6.52,6.6,-1.2121,100324.42,65607.343
002561.SZ,20250225,8.37,8.51,8.28,8.41,8.41,0.0,105599.46,88864.397
002562.SZ,20250225,4.26,4.34,4.24,4.29,4.31,-0.464,153786.8,66060.112
002563.SZ,20250225,6.06,6.13,6.01,6.06,6.1,-0.6557,87962.0,53402.53
002564.SZ,20250225,4.15,4.21,4.1,4.13,4.14,-0.2415,149141.02,61893.043
002565.SZ,20250225,3.07,3.1,3.04,3.06,3.08,-0.6494,195533.0,59909.478
002566.SZ,20250225,6.82,6.92,6.81,6.83,6.88,-0.7267,29207.0,20035.881
002567.SZ,20250225,4.91,4.92,4.86,4.88,4.95,-1.4141,413096.56,201716.67
002568.SZ,20250225,24.78,24.98,24.42,24.6,25.0,-1.6,55418.09,136693.295
002569.SZ,20250225,8.2,8.76,8.08,8.76,8.34,5.036,26753.45,22935.479
002570.SZ,20250225,4.32,4.65,4.28,4.54,4.37,3.8902,1244637.96,560787.143
002571.SZ,20250225,5.19,5.25,5.07,5.1,5.24,-2.6718,112295.0,57845.293
002572.SZ,20250225,16.85,16.88,16.38,16.43,16.95,-3.0678,97850.48,161849.602
002573.SZ,20250225,3.94,3.94,3.84,3.88,3.9,-0.5128,71492.04,27746.995
002574.SZ,20250225,4.74,4.8,4.71,4.76,4.77,-0.2096,59321.0,28171.454
002575.SZ,20250225,9.01,9.3,8.83,8.94,9.01,-0.7769,483731.0,436342.34
002576.SZ,20250225,15.98,16.2,15.82,16.08,16.07,0.0622,80150.0,128615.59
002577.SZ,20250225,27.0,28.0,26.38,27.43,28.24,-2.8683,266806.26,725285.787
002578.SZ,20250225,3.21,3.23,3.13,3.14,3.15,-0.3175,249516.0,79405.192
002579.SZ,20250225,9.13,9.32,9.05,9.2,9.3,-1.0753,246296.07,227174.767
002580.SZ,20250225,12.02,12.82,12.02,12.82,11.65,10.0429,485417.92,612033.072
002581.SZ,20250225,9.84,9.86,9.58,9.75,9.83,-0.8138,74363.0,72397.644
002582.SZ,20250225,9.06,9.58,8.9,9.45,9.15,3.2787,697113.86,651750.362
002583.SZ,20250225,14.2,14.76,14.16,14.37,14.64,-1.8443,1317251.06,1900030.068
002584.SZ,20250225,7.83,8.02,7.77,7.93,7.9,0.3797,216880.5,172026.715
002585.SZ,20250225,5.23,5.27,5.14,5.2,5.23,-0.5736,180517.73,94286.323
002586.SZ,20250225,2.1,2.21,2.1,2.17,2.18,-0.4587,40232.0,8710.663
002587.SZ,20250225,6.46,6.6,6.41,6.54,6.54,0.0,250951.75,163965.621
002588.SZ,20250225,7.05,7.06,6.98,6.99,7.12,-1.8258,171172.12,120027.436
002589.SZ,20250225,3.01,3.1,2.99,3.01,3.03,-0.6601,278533.09,84368.195
002590.SZ,20250225,13.26,13.73,13.19,13.53,13.43,0.7446,113072.53,152898.531
002591.SZ,20250225,5.36,5.48,5.31,5.39,5.42,-0.5535,139309.0,75084.291
002592.SZ,20250225,5.25,5.55,5.22,5.45,5.29,3.0246,88657.15,48446.819
002593.SZ,20250225,5.82,5.95,5.72,5.84,5.95,-1.8487,669937.0,388648.931
002594.SZ,20250225,370.0,380.0,368.81,372.49,376.28,-1.0072,161102.52,6008878.409
002595.SZ,20250225,48.58,49.18,48.32,48.77,48.8,-0.0615,24283.86,118651.831
002596.SZ,20250225,3.48,3.5,3.39,3.41,3.47,-1.7291,385489.0,132741.099
002597.SZ,20250225,23.95,24.55,23.61,24.16,24.2,-0.1653,81083.88,195895.253
002598.SZ,20250225,10.51,10.78,10.44,10.65,10.7,-0.4673,121491.14,129739.497
002599.SZ,20250225,13.1,14.6,12.09,13.11,13.43,-2.3827,1831095.39,2386519.04
002600.SZ,20250225,10.27,10.8,10.18,10.41,10.45,-0.3828,3331994.26,3482420.257
002601.SZ,20250225,17.72,17.74,17.37,17.42,17.78,-2.0247,145661.62,255599.3
002602.SZ,20250225,6.85,7.37,6.81,7.05,7.07,-0.2829,1959859.27,1393874.167
002603.SZ,20250225,14.08,14.14,13.9,13.95,14.16,-1.4831,169391.07,237005.837
002605.SZ,20250225,28.61,28.78,28.0,28.18,29.08,-3.0949,117896.14,334015.411
002606.SZ,20250225,9.74,9.93,9.64,9.73,9.83,-1.0173,108056.04,105668.178
002607.SZ,20250225,3.52,3.59,3.5,3.54,3.59,-1.3928,2242331.25,797424.824
002608.SZ,20250225,7.24,7.26,7.15,7.17,7.27,-1.3755,119038.99,85740.14
002609.SZ,20250225,8.8,8.91,8.75,8.79,8.91,-1.3468,69447.52,61254.35
002611.SZ,20250225,12.72,13.05,12.63,12.75,13.02,-2.0737,899175.13,1150898.276
002612.SZ,20250225,15.25,15.26,15.0,15.03,15.37,-2.2121,58507.26,88523.21
002613.SZ,20250225,4.27,4.32,4.23,4.28,4.3,-0.4651,137835.3,59070.686
002614.SZ,20250225,6.83,6.95,6.81,6.83,6.92,-1.3006,103970.7,71334.274
002615.SZ,20250225,7.98,8.03,7.85,7.9,8.0,-1.25,76496.29,60728.828
002616.SZ,20250225,5.28,5.32,5.21,5.23,5.29,-1.1342,154805.01,81317.816
002617.SZ,20250225,8.01,8.17,7.93,8.03,8.14,-1.3514,1024096.89,823492.046
002620.SZ,20250225,3.58,3.65,3.55,3.56,3.51,1.4245,251964.0,90503.219
002622.SZ,20250225,3.02,3.1,2.97,3.02,3.03,-0.33,365362.0,111316.181
002623.SZ,20250225,15.22,15.57,15.21,15.49,15.39,0.6498,23180.0,35814.77
002624.SZ,20250225,11.37,11.53,11.24,11.3,11.53,-1.9948,225840.39,256994.514
002625.SZ,20250225,43.12,45.0,43.05,43.92,43.82,0.2282,382121.06,1683461.107
002626.SZ,20250225,14.33,14.39,14.16,14.21,14.41,-1.3879,48737.5,69429.469
002627.SZ,20250225,4.91,4.97,4.89,4.91,4.95,-0.8081,64907.14,31976.949
002628.SZ,20250225,4.51,4.7,4.5,4.5,4.7,-4.2553,571512.95,261630.143
002629.SZ,20250225,4.98,5.08,4.78,4.82,4.98,-3.2129,320148.0,157633.849
002630.SZ,20250225,4.18,4.4,4.14,4.3,4.26,0.939,869421.8,371615.434
002631.SZ,20250225,4.12,4.17,4.1,4.11,4.16,-1.2019,111023.0,45903.831
002632.SZ,20250225,9.39,9.71,9.32,9.52,9.51,0.1052,370791.98,355566.617
002633.SZ,20250225,11.4,11.55,11.23,11.32,11.47,-1.3078,32930.0,37409.586
002634.SZ,20250225,3.74,3.85,3.71,3.79,3.75,1.0667,146343.0,55506.382
002635.SZ,20250225,16.59,17.0,16.39,16.79,16.72,0.4187,144490.99,242330.751
002636.SZ,20250225,9.49,9.88,9.35,9.74,9.65,0.9326,271811.28,263876.904
002637.SZ,20250225,9.55,9.61,9.45,9.49,9.6,-1.1458,25774.63,24480.832
002638.SZ,20250225,2.23,2.27,2.2,2.22,2.24,-0.8929,249066.5,55521.354
002639.SZ,20250225,7.61,7.7,7.53,7.6,7.74,-1.8088,441179.0,336282.437
002640.SZ,20250225,4.41,4.48,4.34,4.42,4.48,-1.3393,846438.88,374606.345
002641.SZ,20250225,4.42,4.49,4.37,4.41,4.41,0.0,127254.2,56418.813
002642.SZ,20250225,8.6,9.77,8.58,9.22,8.88,3.8288,1248953.55,1153927.531
002643.SZ,20250225,11.32,11.66,11.23,11.47,11.38,0.7909,302583.87,347683.574
002644.SZ,20250225,7.79,7.8,7.7,7.72,7.83,-1.4049,27690.0,21436.097
002645.SZ,20250225,7.21,7.36,7.18,7.3,7.32,-0.2732,80852.98,59062.148
002646.SZ,20250225,9.66,9.66,9.5,9.53,9.71,-1.8538,56539.94,54167.95
002647.SZ,20250225,5.9,6.1,5.88,6.03,5.82,3.6082,201362.73,121059.795
002648.SZ,20250225,21.06,21.08,20.52,20.63,21.13,-2.3663,272727.89,565508.713
002649.SZ,20250225,15.3,15.59,15.03,15.28,15.78,-3.1686,453913.68,693834.174
002650.SZ,20250225,4.41,4.6,4.36,4.51,4.39,2.7335,57849.5,26064.843
002651.SZ,20250225,6.83,6.95,6.78,6.87,6.9,-0.4348,94768.0,65140.11
002652.SZ,20250225,2.95,3.03,2.94,2.98,2.99,-0.3344,147889.02,44222.486
002653.SZ,20250225,32.57,32.75,31.67,31.87,32.55,-2.0891,70408.58,226439.014
002654.SZ,20250225,13.6,14.36,13.49,13.63,13.91,-2.0129,912540.38,1261369.93
002655.SZ,20250225,13.81,14.14,13.63,13.87,13.96,-0.6447,126292.01,175820.335
002656.SZ,20250225,2.39,2.6,2.38,2.45,2.5,-2.0,287699.1,70382.753
002657.SZ,20250225,20.48,21.16,20.28,20.77,21.12,-1.6572,228240.0,473973.236
002658.SZ,20250225,6.9,6.97,6.85,6.91,6.93,-0.2886,61894.0,42786.278
002659.SZ,20250225,5.09,5.17,5.0,5.04,5.07,-0.5917,170921.02,86862.988
002660.SZ,20250225,10.89,11.45,10.68,11.13,10.99,1.2739,325031.35,363779.945
002661.SZ,20250225,9.81,9.97,9.77,9.83,9.85,-0.203,35418.0,34934.027
002662.SZ,20250225,3.8,3.87,3.77,3.85,3.82,0.7853,218527.64,83815.195
002663.SZ,20250225,1.85,1.89,1.83,1.85,1.86,-0.5376,284607.47,53072.158
002664.SZ,20250225,20.0,21.89,20.0,21.08,20.81,1.2975,297212.86,620004.175
002666.SZ,20250225,4.69,4.76,4.65,4.71,4.72,-0.2119,113531.0,53634.321
002667.SZ,20250225,10.04,10.59,10.0,10.3,10.18,1.1788,145021.0,150263.893
002668.SZ,20250225,11.46,11.49,11.3,11.34,11.59,-2.157,155073.65,176594.115
002669.SZ,20250225,9.78,9.92,9.73,9.81,9.89,-0.8089,68715.0,67537.924
002670.SZ,20250225,13.96,14.16,13.88,13.92,14.22,-2.1097,361925.07,506923.848
002671.SZ,20250225,4.51,4.55,4.47,4.49,4.54,-1.1013,87582.0,39420.757
002672.SZ,20250225,4.07,4.1,4.0,4.03,4.1,-1.7073,54731.94,22189.486
002673.SZ,20250225,7.96,7.98,7.88,7.89,8.03,-1.7435,408902.76,324231.517
002674.SZ,20250225,9.89,9.95,9.81,9.83,9.88,-0.5061,36925.0,36376.906
002675.SZ,20250225,13.67,13.77,13.59,13.63,13.74,-0.8006,79808.57,109120.27
002676.SZ,20250225,6.05,6.25,6.0,6.12,6.1,0.3279,188912.0,115908.675
002677.SZ,20250225,7.38,7.58,7.36,7.54,7.48,0.8021,78682.7,58913.22
002678.SZ,20250225,4.62,4.66,4.54,4.57,4.62,-1.0823,35608.3,16385.12
002679.SZ,20250225,8.4,8.52,8.31,8.33,8.48,-1.7689,32590.0,27308.906
002681.SZ,20250225,8.74,9.1,8.6,8.89,8.95,-0.6704,1803316.8,1608338.046
002682.SZ,20250225,4.36,4.43,4.34,4.37,4.42,-1.1312,196102.18,85861.098
002683.SZ,20250225,24.52,24.73,24.29,24.37,24.75,-1.5354,41601.23,101850.672
002685.SZ,20250225,6.83,7.3,6.8,7.16,6.94,3.17,735889.66,524668.505
002686.SZ,20250225,5.9,6.03,5.84,5.95,5.96,-0.1678,145864.5,86984.225
002687.SZ,20250225,4.41,4.45,4.38,4.4,4.43,-0.6772,49425.66,21760.31
002688.SZ,20250225,4.44,4.45,4.38,4.4,4.48,-1.7857,87720.67,38722.231
002689.SZ,20250225,4.07,4.36,4.03,4.22,4.13,2.1792,769877.87,326786.031
002690.SZ,20250225,15.76,16.05,15.68,15.88,15.88,0.0,73178.48,116654.463
002691.SZ,20250225,10.29,10.87,10.2,10.35,10.92,-5.2198,336355.4,350389.515
002692.SZ,20250225,4.84,5.01,4.81,4.95,4.92,0.6098,408658.34,201871.599
002693.SZ,20250225,15.08,16.63,15.04,15.9,15.23,4.3992,436951.53,691345.039
002694.SZ,20250225,4.61,4.75,4.6,4.62,4.67,-1.0707,74016.8,34620.1
002695.SZ,20250225,9.13,9.29,9.1,9.16,9.21,-0.5429,61582.0,56549.142
002696.SZ,20250225,5.23,5.25,5.14,5.16,5.24,-1.5267,36387.0,18885.623
002697.SZ,20250225,5.08,5.17,5.06,5.09,5.12,-0.5859,267807.95,137142.702
002698.SZ,20250225,19.5,21.6,19.42,20.8,19.9,4.5226,630287.76,1303754.794
002700.SZ,20250225,10.13,10.25,10.1,10.14,10.13,0.0987,8493.0,8629.295
002701.SZ,20250225,4.94,4.95,4.88,4.9,4.95,-1.0101,186985.26,91798.365
002702.SZ,20250225,4.17,4.25,4.12,4.16,4.19,-0.716,239367.4,100224.303
002703.SZ,20250225,12.9,13.5,12.8,13.32,13.04,2.1472,469168.3,623057.512
002705.SZ,20250225,15.3,15.4,15.09,15.18,15.41,-1.4925,83544.48,127347.681
002706.SZ,20250225,7.41,7.73,7.3,7.62,7.5,1.6,741628.57,560417.224
002707.SZ,20250225,7.71,7.93,7.62,7.71,7.78,-0.8997,266070.62,206551.762
002708.SZ,20250225,11.48,12.1,11.46,11.95,11.78,1.4431,502025.58,597282.26
002709.SZ,20250225,20.01,20.5,19.83,20.15,20.27,-0.592,445502.99,902235.251
002712.SZ,20250225,6.03,6.11,5.9,6.01,6.12,-1.7974,218091.3,131155.813
002713.SZ,20250225,4.0,4.22,4.0,4.09,4.05,0.9877,183754.47,75338.402
002714.SZ,20250225,37.02,37.02,36.51,36.59,37.2,-1.6398,336330.47,1233074.277
002715.SZ,20250225,14.34,14.62,14.28,14.37,14.41,-0.2776,18389.0,26609.726
002716.SZ,20250225,3.57,3.61,3.53,3.55,3.58,-0.838,435974.45,155448.59
002717.SZ,20250225,3.71,3.89,3.71,3.79,3.96,-4.2929,2441780.09,924899.606
002718.SZ,20250225,13.7,13.8,13.65,13.7,13.72,-0.1458,16255.5,22337.283
002719.SZ,20250225,7.55,7.96,7.55,7.79,7.66,1.6971,101172.0,78666.6
002721.SZ,20250225,2.5,2.51,2.49,2.49,2.51,-0.7968,197906.0,49414.628
002722.SZ,20250225,16.16,16.34,15.98,16.07,16.42,-2.1315,156685.02,252875.24
002723.SZ,20250225,8.75,9.05,8.56,8.82,8.82,0.0,189839.47,168574.427
002724.SZ,20250225,4.96,5.09,4.91,5.01,5.01,0.0,55348.0,27812.734
002726.SZ,20250225,6.21,6.22,6.16,6.21,6.24,-0.4808,78430.73,48578.353
002727.SZ,20250225,12.94,12.97,12.81,12.83,12.98,-1.1556,52295.3,67251.826
002728.SZ,20250225,8.12,8.15,8.05,8.1,8.15,-0.6135,69038.34,55905.448
002729.SZ,20250225,14.51,14.95,14.41,14.69,14.79,-0.6761,84281.99,124203.189
002730.SZ,20250225,19.3,19.62,19.0,19.19,19.55,-1.8414,227667.61,438077.408
002731.SZ,20250225,9.35,9.51,9.26,9.29,9.45,-1.6931,32517.5,30439.091
002732.SZ,20250225,15.55,15.76,15.45,15.61,15.56,0.3213,15522.0,24285.787
002733.SZ,20250225,18.2,20.32,17.94,19.66,18.73,4.9653,537987.36,1043409.949
002734.SZ,20250225,8.65,8.69,8.5,8.53,8.73,-2.291,69688.77,59851.705
002735.SZ,20250225,9.43,9.58,9.33,9.45,9.51,-0.6309,120905.89,114663.659
002736.SZ,20250225,10.65,10.66,10.46,10.51,10.7,-1.7757,185783.44,196346.279
002737.SZ,20250225,17.79,17.79,17.61,17.67,17.81,-0.7861,48238.49,85286.835
002738.SZ,20250225,34.21,34.73,34.0,34.04,34.2,-0.4678,127645.01,437873.921
002739.SZ,20250225,11.39,11.39,11.22,11.29,11.43,-1.2248,330621.12,373455.431
002741.SZ,20250225,17.05,17.53,17.05,17.23,17.39,-0.9201,231195.55,400476.555
002742.SZ,20250225,3.78,3.83,3.7,3.77,3.75,0.5333,52633.0,19786.872
002743.SZ,20250225,6.05,6.2,6.02,6.08,6.12,-0.6536,125623.0,76691.352
002745.SZ,20250225,8.7,9.17,8.6,9.05,8.8,2.8409,659310.5,591447.859
002746.SZ,20250225,5.74,5.74,5.67,5.69,5.76,-1.2153,108951.54,62022.425
002747.SZ,20250225,23.8,25.02,23.61,24.44,24.98,-2.1617,766419.0,1874706.873
002748.SZ,20250225,7.5,7.56,7.46,7.5,7.52,-0.266,10561.99,7920.449
002749.SZ,20250225,13.28,13.28,13.05,13.09,13.31,-1.6529,19813.39,25955.157
002750.SZ,20250225,1.41,1.46,1.41,1.46,1.39,5.036,110067.41,16022.605
002752.SZ,20250225,5.54,5.59,5.5,5.51,5.59,-1.4311,107018.57,59265.06
002753.SZ,20250225,6.35,6.4,6.33,6.35,6.4,-0.7813,40363.0,25667.482
002755.SZ,20250225,13.16,14.14,13.06,13.5,13.29,1.5801,132152.4,181113.645
002756.SZ,20250225,34.31,34.69,33.9,34.22,34.48,-0.7541,104699.64,358468.615
002757.SZ,20250225,22.9,24.61,22.08,23.3,24.53,-5.0143,632665.58,1453609.619
002758.SZ,20250225,9.22,9.34,9.07,9.08,9.49,-4.3203,171285.03,157306.471
002759.SZ,20250225,8.23,8.41,8.16,8.33,8.33,0.0,118004.4,98317.542
002760.SZ,20250225,19.0,20.1,18.3,19.6,19.04,2.9412,123182.38,238978.346
002761.SZ,20250225,9.33,9.4,9.23,9.28,9.51,-2.4185,285942.89,266141.333
002762.SZ,20250225,5.6,5.77,5.51,5.68,5.62,1.0676,130484.33,74000.176
002763.SZ,20250225,6.82,6.92,6.78,6.83,6.87,-0.5822,30881.4,21096.601
002765.SZ,20250225,11.89,13.54,11.79,13.53,12.31,9.9106,2126799.88,2730696.171
002766.SZ,20250225,6.5,6.75,6.4,6.67,6.55,1.8321,420768.0,279879.109
002767.SZ,20250225,15.6,15.88,15.58,15.72,15.83,-0.6949,62334.2,98133.659
002768.SZ,20250225,24.7,24.97,24.3,24.71,25.1,-1.5538,70616.51,174104.705
002769.SZ,20250225,7.13,7.28,7.07,7.14,7.25,-1.5172,113771.9,81922.318
002771.SZ,20250225,18.44,19.07,18.4,18.72,18.97,-1.3179,97772.62,183079.902
002772.SZ,20250225,7.28,7.29,7.1,7.14,7.36,-2.9891,130364.37,93463.19
002773.SZ,20250225,19.45,19.64,19.27,19.36,19.55,-0.9719,50411.41,98166.166
002774.SZ,20250225,7.78,8.04,7.78,7.83,7.91,-1.0114,60620.0,47764.572
002775.SZ,20250225,3.73,3.79,3.69,3.73,3.76,-0.7979,113605.4,42496.125
002777.SZ,20250225,20.9,21.34,20.72,21.03,21.35,-1.4988,168308.13,354900.566
002778.SZ,20250225,18.0,18.48,18.0,18.24,18.27,-0.1642,21742.2,39763.516
002779.SZ,20250225,130.0,140.6,129.8,135.92,133.25,2.0038,78889.75,1067330.689
002780.SZ,20250225,10.73,10.99,10.67,10.74,10.83,-0.831,48342.98,52130.903
002782.SZ,20250225,13.6,13.79,13.43,13.67,13.74,-0.5095,78529.0,107120.637
002783.SZ,20250225,7.77,7.79,7.7,7.71,7.81,-1.2804,95130.69,73584.184
002785.SZ,20250225,29.5,30.3,29.3,29.53,29.68,-0.5054,45306.0,135183.229
002786.SZ,20250225,10.39,10.65,10.31,10.42,10.49,-0.6673,203855.33,214514.006
002787.SZ,20250225,8.24,8.25,8.11,8.16,8.29,-1.5682,69962.0,57142.549
002788.SZ,20250225,8.22,8.24,8.11,8.15,8.27,-1.451,34735.85,28403.896
002789.SZ,20250225,7.67,8.05,7.56,7.87,7.69,2.3407,89121.1,70026.298
002790.SZ,20250225,7.76,7.81,7.68,7.76,7.82,-0.7673,68146.08,52831.895
002791.SZ,20250225,22.84,22.95,22.57,22.62,23.06,-1.9081,33500.38,76228.205
002792.SZ,20250225,15.25,16.25,15.21,15.88,15.51,2.3856,325720.12,518590.905
002793.SZ,20250225,3.68,3.74,3.65,3.68,3.7,-0.5405,105176.5,38847.427
002795.SZ,20250225,5.38,5.45,5.33,5.43,5.41,0.3697,174264.35,94199.327
002796.SZ,20250225,12.46,12.85,12.43,12.67,12.6,0.5556,87910.75,111692.64
002797.SZ,20250225,7.99,8.03,7.9,7.93,8.08,-1.8564,1071560.33,853514.429
002798.SZ,20250225,3.89,3.96,3.86,3.87,3.92,-1.2755,60153.87,23488.206
002799.SZ,20250225,8.13,8.26,8.06,8.11,8.21,-1.218,73196.73,59874.23
002800.SZ,20250225,10.62,11.04,10.6,10.76,10.75,0.093,56930.0,61464.93
002801.SZ,20250225,33.2,34.82,32.7,33.88,33.73,0.4447,61351.8,206858.681
002802.SZ,20250225,11.63,11.8,11.61,11.64,11.71,-0.5978,24389.9,28508.881
002803.SZ,20250225,13.69,13.85,13.55,13.7,13.79,-0.6526,66738.6,91557.655
002805.SZ,20250225,12.62,12.92,12.61,12.75,12.94,-1.4683,88968.4,113882.354
002806.SZ,20250225,12.2,12.55,12.07,12.37,12.32,0.4058,61914.0,76734.298
002807.SZ,20250225,4.2,4.2,4.14,4.15,4.2,-1.1905,255486.8,106413.314
002808.SZ,20250225,2.97,2.99,2.89,2.91,2.97,-2.0202,70987.84,20822.14
002809.SZ,20250225,8.49,8.49,8.31,8.36,8.5,-1.6471,27466.55,23020.394
002810.SZ,20250225,12.65,12.86,12.51,12.61,12.71,-0.7868,36038.57,45695.336
002811.SZ,20250225,11.42,11.43,11.0,11.13,11.48,-3.0488,134961.8,150205.6
002812.SZ,20250225,31.6,32.24,31.46,31.97,31.94,0.0939,108591.12,345993.776
002813.SZ,20250225,24.4,25.5,24.35,24.51,23.98,2.2102,52760.0,130625.835
002815.SZ,20250225,12.03,12.25,11.95,12.16,12.28,-0.9772,303183.63,366677.094
002816.SZ,20250225,15.34,15.58,14.75,14.83,15.29,-3.0085,63889.0,96188.444
002817.SZ,20250225,6.57,6.58,6.47,6.5,6.57,-1.0654,39855.73,26021.743
002818.SZ,20250225,13.62,13.64,13.45,13.58,13.64,-0.4399,25312.42,34273.256
002819.SZ,20250225,27.88,28.5,27.73,28.03,28.36,-1.1636,44650.0,125485.245
002820.SZ,20250225,11.75,12.19,11.65,11.77,11.83,-0.5072,131329.95,156149.888
002821.SZ,20250225,84.3,85.9,84.01,84.5,85.55,-1.2274,30557.55,259394.511
002822.SZ,20250225,3.91,4.02,3.84,3.96,3.9,1.5385,106816.48,42247.817
002823.SZ,20250225,16.0,16.48,15.81,16.1,15.84,1.6414,298974.92,483751.759
002824.SZ,20250225,17.26,19.18,17.05,19.18,17.44,9.9771,275682.55,503934.489
002825.SZ,20250225,8.55,8.7,8.53,8.58,8.65,-0.8092,59869.64,51445.969
002826.SZ,20250225,10.68,10.92,10.5,10.58,10.69,-1.029,52747.0,56375.382
002827.SZ,20250225,27.51,27.72,27.03,27.11,27.97,-3.0747,84701.5,231876.361
002828.SZ,20250225,9.38,9.5,9.1,9.14,9.54,-4.1929,181311.48,168181.105
002829.SZ,20250225,20.35,21.19,20.2,20.93,20.76,0.8189,155172.09,324095.242
002830.SZ,20250225,12.96,13.42,12.96,13.01,13.17,-1.2149,19433.62,25679.172
002831.SZ,20250225,24.7,25.23,24.46,24.58,24.92,-1.3644,64548.54,159982.499
002832.SZ,20250225,18.57,18.68,18.36,18.4,18.71,-1.6569,81714.09,151151.541
002833.SZ,20250225,17.54,18.14,17.5,17.89,17.74,0.8455,68158.76,121956.221
002835.SZ,20250225,21.08,21.46,20.86,20.98,21.25,-1.2706,83019.53,175375.052
002836.SZ,20250225,7.98,8.09,7.92,7.98,8.03,-0.6227,26659.12,21324.698
002837.SZ,20250225,49.01,49.64,47.76,48.15,50.71,-5.0483,378968.37,1837305.893
002838.SZ,20250225,13.62,14.73,13.6,14.08,13.42,4.918,372771.89,526485.807
002839.SZ,20250225,4.2,4.2,4.15,4.15,4.2,-1.1905,241589.52,100719.157
002840.SZ,20250225,11.0,11.05,10.83,10.86,11.05,-1.7195,122294.15,133542.424
002841.SZ,20250225,43.87,44.23,42.8,43.47,44.49,-2.2927,104791.12,454172.235
002842.SZ,20250225,7.27,7.85,7.06,7.45,7.26,2.6171,214566.95,158205.991
002843.SZ,20250225,28.81,31.16,28.7,29.38,30.08,-2.3271,300432.39,895631.743
002845.SZ,20250225,16.38,16.95,16.37,16.66,16.57,0.5432,300020.18,502261.272
002846.SZ,20250225,8.62,8.72,8.55,8.61,8.7,-1.0345,49752.32,42932.481
002847.SZ,20250225,52.7,53.89,52.13,52.85,52.39,0.878,31665.57,168301.688
002848.SZ,20250225,6.76,7.5,6.74,7.06,6.85,3.0657,215042.93,153067.215
002849.SZ,20250225,17.75,18.1,17.6,17.82,18.14,-1.7641,51797.36,92519.351
002850.SZ,20250225,139.26,142.98,136.43,140.25,140.62,-0.2631,58422.8,814878.545
002851.SZ,20250225,60.0,60.0,58.1,58.88,62.7,-6.0925,366774.68,2163615.211
002852.SZ,20250225,8.34,8.42,8.28,8.3,8.43,-1.5421,70276.01,58508.74
002853.SZ,20250225,12.54,13.14,12.42,12.75,12.61,1.1102,53809.0,68894.618
002855.SZ,20250225,21.15,23.65,20.99,22.54,21.5,4.8372,216806.45,492781.246
002856.SZ,20250225,8.94,9.09,8.86,8.91,9.0,-1.0,44410.0,39845.342
002857.SZ,20250225,14.03,14.18,13.88,14.0,14.15,-1.0601,27890.6,39144.875
002858.SZ,20250225,12.06,12.15,11.92,12.03,12.21,-1.4742,76420.0,92039.15
002859.SZ,20250225,20.84,21.55,20.55,21.11,20.99,0.5717,79548.21,168029.89
002860.SZ,20250225,10.35,10.58,10.29,10.46,10.45,0.0957,47129.75,49298.48
002861.SZ,20250225,15.35,15.58,15.08,15.31,15.5,-1.2258,159641.63,245243.961
002862.SZ,20250225,30.6,31.75,30.25,31.33,31.01,1.0319,78122.36,242955.068
002863.SZ,20250225,4.73,4.83,4.72,4.83,4.75,1.6842,117125.02,56217.462
002864.SZ,20250225,27.2,27.2,26.89,26.9,27.34,-1.6094,25856.0,69838.533
002865.SZ,20250225,57.91,61.62,57.71,60.11,58.86,2.1237,142483.69,861492.441
002866.SZ,20250225,17.8,18.32,17.62,18.03,18.06,-0.1661,128518.5,232783.144
002867.SZ,20250225,12.82,12.95,12.68,12.74,12.91,-1.3168,56151.11,72095.965
002868.SZ,20250225,17.37,17.37,16.72,16.95,17.12,-0.993,29460.0,49913.486
002869.SZ,20250225,28.2,29.71,28.02,29.22,28.45,2.7065,96105.8,279572.297
002870.SZ,20250225,36.11,37.55,35.88,36.43,36.74,-0.8438,70252.0,257819.531
002871.SZ,20250225,9.59,9.75,9.51,9.63,9.67,-0.4137,18134.52,17491.755
002872.SZ,20250225,3.81,3.82,3.77,3.77,3.83,-1.5666,21617.0,8201.229
002873.SZ,20250225,9.76,9.84,9.7,9.71,9.85,-1.4213,29436.8,28708.076
002875.SZ,20250225,12.19,12.76,11.99,12.52,12.33,1.541,108404.45,135110.973
002876.SZ,20250225,26.62,27.45,26.62,27.0,27.3,-1.0989,33972.6,92117.052
002877.SZ,20250225,8.97,9.22,8.93,9.08,9.12,-0.4386,85107.8,77620.263
002878.SZ,20250225,16.56,16.81,16.11,16.68,16.9,-1.3018,196780.01,324097.81
002879.SZ,20250225,17.4,17.48,16.95,17.17,17.69,-2.9395,74829.0,128800.395
002880.SZ,20250225,26.66,26.66,26.21,26.22,26.68,-1.7241,9437.9,24916.725
002881.SZ,20250225,53.53,57.78,53.21,56.14,54.26,3.4648,293706.4,1640797.131
002882.SZ,20250225,16.65,17.05,16.6,16.84,16.87,-0.1778,66320.54,111846.041
002883.SZ,20250225,13.49,13.49,11.71,11.83,12.33,-4.0552,376824.52,474743.387
002884.SZ,20250225,17.82,17.83,17.64,17.67,17.92,-1.3951,22633.21,40120.001
002885.SZ,20250225,13.61,14.1,13.52,13.8,13.83,-0.2169,80492.4,111225.85
002886.SZ,20250225,20.3,21.12,20.21,20.71,20.89,-0.8617,202372.52,420210.927
002887.SZ,20250225,7.13,7.15,6.99,7.0,7.17,-2.371,43562.4,30770.617
002888.SZ,20250225,18.74,19.22,18.68,18.87,19.03,-0.8408,36993.6,70074.129
002889.SZ,20250225,20.2,22.56,20.15,22.56,20.51,9.9951,161075.48,351646.029
002890.SZ,20250225,10.68,10.74,10.55,10.66,10.72,-0.5597,16855.84,17942.362
002891.SZ,20250225,35.03,35.71,34.7,35.36,35.38,-0.0565,51796.27,182896.526
002892.SZ,20250225,18.8,19.3,18.7,18.91,19.27,-1.8682,461007.1,876794.921
002893.SZ,20250225,10.78,11.08,10.62,11.02,10.88,1.2868,145849.99,159163.264
002895.SZ,20250225,21.02,21.28,20.89,21.1,21.2,-0.4717,52452.47,110665.718
002896.SZ,20250225,84.02,96.68,84.02,96.09,87.89,9.3298,266525.82,2474892.874
002897.SZ,20250225,47.11,48.13,45.9,47.41,48.14,-1.5164,151324.33,711491.122
002898.SZ,20250225,10.45,10.58,10.4,10.46,10.55,-0.8531,22780.6,23849.225
002899.SZ,20250225,24.88,25.55,24.31,25.21,25.14,0.2784,65509.72,163752.85
002900.SZ,20250225,10.02,10.05,9.88,9.9,10.01,-1.0989,17721.0,17659.727
002901.SZ,20250225,34.7,34.98,34.13,34.32,34.92,-1.7182,17906.56,61574.52
002902.SZ,20250225,21.81,22.5,21.76,22.06,22.18,-0.541,87230.0,192785.969
002903.SZ,20250225,17.85,19.2,17.83,18.68,18.11,3.1474,155523.43,291262.75
002905.SZ,20250225,7.42,7.45,7.25,7.27,7.45,-2.4161,65470.4,47811.271
002906.SZ,20250225,35.43,36.8,35.2,36.42,35.68,2.074,167169.05,604389.997
002907.SZ,20250225,12.69,12.75,12.56,12.59,12.74,-1.1774,20087.0,25385.365
002908.SZ,20250225,10.1,10.34,10.02,10.14,10.38,-2.3121,241257.28,245345.496
002909.SZ,20250225,5.39,5.46,5.37,5.41,5.45,-0.7339,52472.6,28424.737
002910.SZ,20250225,10.86,10.86,10.86,10.86,9.87,10.0304,24128.0,26203.008
002911.SZ,20250225,11.13,11.21,10.96,11.03,11.18,-1.3417,40623.78,45025.812
002912.SZ,20250225,27.9,29.12,27.83,28.25,28.62,-1.2928,53539.56,152545.045
002913.SZ,20250225,29.56,30.06,29.0,29.51,30.03,-1.7316,57741.31,169960.748
002915.SZ,20250225,15.12,15.42,14.95,15.12,15.47,-2.2624,190750.7,290166.78
002916.SZ,20250225,149.99,150.92,145.56,146.7,152.5,-3.8033,95134.35,1406545.242
002917.SZ,20250225,15.36,15.96,15.21,15.49,15.68,-1.2117,237885.33,371306.127
002918.SZ,20250225,9.5,9.5,9.31,9.36,9.5,-1.4737,66357.69,62264.007
002919.SZ,20250225,17.71,18.03,17.61,17.85,18.09,-1.3267,65715.33,117325.466
002920.SZ,20250225,130.89,137.56,129.66,133.85,132.3,1.1716,97210.43,1303398.622
002921.SZ,20250225,12.5,13.2,12.44,12.94,12.69,1.9701,59894.3,77508.516
002922.SZ,20250225,20.5,21.13,20.07,20.55,21.4,-3.972,400101.3,819927.908
002923.SZ,20250225,9.86,9.89,9.76,9.81,9.93,-1.2085,26930.02,26453.501
002925.SZ,20250225,15.97,16.3,15.73,16.06,16.17,-0.6803,91738.3,147468.925
002926.SZ,20250225,8.28,8.32,8.2,8.22,8.36,-1.6746,154956.0,128075.743
002927.SZ,20250225,14.23,14.42,14.17,14.22,14.5,-1.931,83306.85,118955.993
002928.SZ,20250225,7.25,7.59,7.12,7.32,7.32,0.0,469082.84,346990.548
002929.SZ,20250225,64.11,69.0,63.86,64.99,70.95,-8.4003,526510.33,3488460.137
002930.SZ,20250225,9.83,9.99,9.71,9.93,9.86,0.7099,55988.64,55276.658
002931.SZ,20250225,16.21,18.11,16.21,18.11,16.46,10.0243,106120.58,186910.241
002932.SZ,20250225,18.64,18.78,18.48,18.65,18.71,-0.3207,16795.83,31302.688
002933.SZ,20250225,34.46,35.46,34.26,35.28,35.08,0.5701,59697.31,209192.345
002935.SZ,20250225,15.96,16.1,15.8,15.89,16.07,-1.1201,45215.31,72069.385
002936.SZ,20250225,1.97,1.98,1.94,1.96,1.98,-1.0101,927174.59,181306.718
002937.SZ,20250225,20.03,21.55,19.85,21.15,19.99,5.8029,223727.33,466238.414
002938.SZ,20250225,42.75,44.66,42.01,43.64,42.01,3.88,206420.56,896019.165
002939.SZ,20250225,8.4,8.52,8.31,8.36,8.53,-1.993,825488.95,693637.871
002940.SZ,20250225,13.4,13.51,13.33,13.34,13.51,-1.2583,14160.52,18999.979
002941.SZ,20250225,11.9,12.08,11.66,11.7,11.95,-2.0921,225814.65,266288.927
002942.SZ,20250225,15.06,15.14,14.84,14.95,15.2,-1.6447,19025.5,28469.064
002943.SZ,20250225,19.45,20.01,19.18,19.72,19.61,0.5609,32850.91,64855.741
002945.SZ,20250225,15.85,16.03,15.74,15.8,16.04,-1.4963,191465.0,304225.396
002946.SZ,20250225,13.7,13.86,13.52,13.68,13.83,-1.0846,43613.07,59720.752
002947.SZ,20250225,36.67,38.83,36.36,38.01,37.3,1.9035,145206.96,549758.282
002948.SZ,20250225,4.08,4.1,4.03,4.06,4.08,-0.4902,323047.3,131284.356
002949.SZ,20250225,18.6,18.88,18.23,18.35,18.89,-2.8587,55069.0,101993.475
002950.SZ,20250225,9.07,9.1,8.95,8.97,9.12,-1.6447,60912.5,54891.648
002951.SZ,20250225,6.23,6.33,6.22,6.23,6.23,0.0,9708.0,6074.425
002952.SZ,20250225,22.24,22.95,22.04,22.73,22.5,1.0222,63979.0,145065.065
002953.SZ,20250225,11.5,11.67,11.41,11.55,11.71,-1.3664,145350.3,168222.481
002955.SZ,20250225,26.17,26.56,26.0,26.29,26.57,-1.0538,37860.8,99756.464
002956.SZ,20250225,16.02,16.27,15.66,15.72,16.15,-2.6625,35545.8,56423.605
002957.SZ,20250225,16.57,17.13,16.53,16.9,16.79,0.6552,111306.21,188225.6
002958.SZ,20250225,3.03,3.04,2.98,2.99,3.02,-0.9934,444931.85,133955.076
002959.SZ,20250225,42.8,42.93,42.27,42.36,43.16,-1.8536,15646.62,66655.411
002960.SZ,20250225,12.45,12.69,12.38,12.47,12.6,-1.0317,129305.93,161837.573
002961.SZ,20250225,14.38,14.45,14.23,14.28,14.49,-1.4493,26407.0,37861.067
002962.SZ,20250225,16.85,17.32,16.81,17.09,17.12,-0.1752,125986.28,215655.124
002963.SZ,20250225,11.5,11.73,11.5,11.56,11.65,-0.7725,21892.0,25417.661
002965.SZ,20250225,55.0,58.6,54.42,56.25,56.97,-1.2638,163312.32,923071.749
002966.SZ,20250225,7.41,7.5,7.37,7.42,7.42,0.0,691953.26,514289.653
002967.SZ,20250225,19.9,20.49,19.67,20.34,19.97,1.8528,133264.6,268633.417
002968.SZ,20250225,9.28,9.37,9.22,9.24,9.35,-1.1765,24122.0,22382.181
002969.SZ,20250225,3.3,3.42,3.26,3.32,3.32,0.0,232907.3,77580.201
002970.SZ,20250225,50.95,56.84,50.48,54.3,51.67,5.09,175118.25,962364.757
002971.SZ,20250225,18.41,18.92,18.16,18.6,18.55,0.2695,29200.0,53979.83
002972.SZ,20250225,10.95,10.98,10.81,10.9,10.95,-0.4566,19862.4,21654.99
002973.SZ,20250225,14.04,14.04,13.5,13.63,14.04,-2.9202,71827.03,98598.709
002975.SZ,20250225,36.26,39.28,36.0,37.88,37.03,2.2954,82196.19,312466.704
002976.SZ,20250225,22.6,22.78,22.2,22.54,22.39,0.6699,18267.2,41197.478
002977.SZ,20250225,27.27,27.47,26.88,27.15,27.37,-0.8038,11632.71,31660.822
002978.SZ,20250225,31.07,32.02,31.06,31.27,31.4,-0.414,40656.91,128144.4
002979.SZ,20250225,51.1,55.39,51.1,53.46,52.63,1.577,272214.46,1438560.738
002980.SZ,20250225,26.07,26.25,25.84,26.1,26.1,0.0,10677.15,27828.911
002981.SZ,20250225,24.31,24.94,24.18,24.47,24.65,-0.7302,30473.9,74957.256
002982.SZ,20250225,17.82,17.9,17.4,17.47,17.94,-2.6198,22838.2,40044.927
002983.SZ,20250225,19.61,19.99,19.4,19.76,19.75,0.0506,26416.09,52207.345
002984.SZ,20250225,23.95,24.2,23.81,23.95,24.07,-0.4985,102129.08,245216.243
002985.SZ,20250225,24.34,24.52,24.12,24.27,24.65,-1.5416,47979.8,116683.37
002986.SZ,20250225,11.3,11.35,11.21,11.23,11.4,-1.4912,36321.2,40995.809
002987.SZ,20250225,22.6,23.58,22.0,22.45,24.1,-6.8465,670595.26,1525187.958
002988.SZ,20250225,22.98,23.66,22.86,23.14,23.18,-0.1726,51570.0,119871.109
002989.SZ,20250225,24.07,26.15,23.8,25.49,24.2,5.3306,78673.96,198993.964
002990.SZ,20250225,31.0,33.68,30.8,32.82,31.35,4.689,161203.34,519738.66
002991.SZ,20250225,78.41,79.69,76.5,77.18,78.96,-2.2543,9937.25,76971.028
002992.SZ,20250225,63.5,66.22,62.18,64.7,64.68,0.0309,30337.8,194865.453
002993.SZ,20250225,43.0,44.82,42.6,43.8,43.85,-0.114,130176.04,567628.489
002995.SZ,20250225,22.52,22.8,22.39,22.53,23.28,-3.2216,105008.6,237264.441
002996.SZ,20250225,6.48,6.55,6.45,6.47,6.53,-0.9188,53734.88,34921.462
002997.SZ,20250225,45.9,46.11,44.5,45.41,46.52,-2.3861,78811.03,356490.995
002998.SZ,20250225,6.42,6.47,6.33,6.35,6.45,-1.5504,41198.0,26313.998
002999.SZ,20250225,6.3,6.46,6.26,6.42,6.48,-0.9259,125036.9,79814.939
003000.SZ,20250225,11.66,11.76,11.48,11.51,11.74,-1.9591,59650.0,69044.629
003001.SZ,20250225,37.23,39.2,37.19,38.13,38.11,0.0525,38175.91,145998.502
003002.SZ,20250225,23.17,25.0,23.17,24.58,23.26,5.675,76853.0,186521.044
003003.SZ,20250225,9.93,10.02,9.83,9.9,9.97,-0.7021,28059.12,27860.505
003004.SZ,20250225,26.0,26.25,25.64,25.83,26.42,-2.2332,19858.65,51447.26
003005.SZ,20250225,38.0,41.6,37.85,40.31,39.06,3.2002,123099.62,490598.961
003006.SZ,20250225,22.52,23.81,22.33,23.48,22.63,3.7561,40588.77,94760.812
003007.SZ,20250225,33.22,33.88,32.9,33.36,33.99,-1.8535,31423.0,105136.505
003008.SZ,20250225,20.57,21.47,20.06,20.08,19.52,2.8689,81282.65,168674.53
003009.SZ,20250225,39.3,39.58,38.88,39.04,39.39,-0.8886,10044.0,39403.125
003010.SZ,20250225,31.4,32.38,30.92,30.98,31.95,-3.036,43160.0,135950.118
003011.SZ,20250225,15.29,15.35,15.05,15.08,15.29,-1.3734,17014.15,25825.851
003012.SZ,20250225,5.95,6.01,5.88,5.9,6.01,-1.8303,76462.85,45398.584
003013.SZ,20250225,15.35,16.0,15.24,15.69,15.52,1.0954,130915.0,205527.288
003015.SZ,20250225,15.35,15.83,15.23,15.54,15.59,-0.3207,212504.79,330788.954
003016.SZ,20250225,7.5,7.57,7.45,7.48,7.56,-1.0582,44378.44,33298.275
003017.SZ,20250225,21.39,21.4,20.9,21.19,21.41,-1.0276,22965.4,48451.828
003018.SZ,20250225,9.7,9.73,9.58,9.6,9.71,-1.1329,14006.37,13501.939
003019.SZ,20250225,31.69,34.06,31.48,33.13,32.1,3.2087,145853.58,477243.654
003020.SZ,20250225,17.92,18.13,17.68,17.7,18.03,-1.8303,22643.03,40390.812
003021.SZ,20250225,126.0,143.81,126.0,143.58,130.74,9.821,155714.57,2174397.673
003022.SZ,20250225,15.65,15.66,15.23,15.27,15.61,-2.1781,313707.15,483333.185
003023.SZ,20250225,17.95,18.23,17.9,17.95,18.06,-0.6091,17657.8,31842.885
003025.SZ,20250225,15.73,16.35,15.53,16.05,15.84,1.3258,115420.77,185274.203
003026.SZ,20250225,32.2,32.99,32.2,32.65,32.65,0.0,23762.8,77710.67
003027.SZ,20250225,15.14,15.26,15.03,15.09,15.19,-0.6583,22811.5,34516.087
003028.SZ,20250225,44.42,46.51,44.03,45.9,45.47,0.9457,37255.0,169891.202
003029.SZ,20250225,24.1,25.38,23.91,24.6,24.47,0.5313,87976.93,218093.14
003030.SZ,20250225,15.9,16.15,15.86,15.88,16.06,-1.1208,25185.0,40244.529
003031.SZ,20250225,49.4,50.47,48.71,49.75,49.75,0.0,29837.73,148670.355
003032.SZ,20250225,9.11,9.32,9.02,9.14,9.22,-0.8677,160714.87,147303.296
003033.SZ,20250225,30.68,31.74,30.11,30.96,30.74,0.7157,34231.0,106199.173
003035.SZ,20250225,4.4,4.41,4.34,4.36,4.42,-1.3575,119383.0,52094.529
003036.SZ,20250225,12.3,12.47,12.17,12.27,12.42,-1.2077,21833.0,26897.898
003037.SZ,20250225,6.15,6.23,6.08,6.14,6.17,-0.4862,66102.0,40733.992
003038.SZ,20250225,18.58,19.28,18.22,18.67,18.4,1.4674,66173.51,124471.385
003039.SZ,20250225,12.77,12.84,12.69,12.74,12.87,-1.0101,24122.0,30795.287
003040.SZ,20250225,14.15,14.46,14.03,14.18,14.4,-1.5278,103962.0,148046.989
003041.SZ,20250225,25.1,25.45,24.91,25.22,25.34,-0.4736,17347.04,43424.219
003042.SZ,20250225,15.98,15.99,15.3,15.42,16.32,-5.5147,99619.83,155265.871
003043.SZ,20250225,43.02,45.35,42.95,44.52,43.6,2.1101,19385.0,85755.014
003816.SZ,20250225,3.85,3.85,3.77,3.78,3.84,-1.5625,1263347.4,480670.674
300001.SZ,20250225,23.86,24.54,23.62,24.19,24.25,-0.2474,189503.3,456618.538
300002.SZ,20250225,14.97,15.0,14.56,14.74,15.25,-3.3443,1104204.18,1633379.664
300003.SZ,20250225,11.9,11.94,11.75,11.82,12.01,-1.582,254769.52,301793.651
300004.SZ,20250225,6.43,6.73,6.41,6.58,6.52,0.9202,166155.49,109731.101
300005.SZ,20250225,7.45,7.52,7.31,7.38,7.5,-1.6,257639.18,191274.67
300006.SZ,20250225,3.79,3.85,3.73,3.78,3.81,-0.7874,169736.0,64529.15
300007.SZ,20250225,42.49,46.95,42.49,44.9,43.09,4.2005,738943.11,3349330.236
300008.SZ,20250225,4.81,4.91,4.76,4.85,4.85,0.0,477610.5,231857.12
300009.SZ,20250225,8.74,8.79,8.64,8.71,8.78,-0.7973,137789.9,120139.323
300010.SZ,20250225,8.3,8.55,8.2,8.37,8.47,-1.1806,1073644.06,901585.218
300011.SZ,20250225,8.23,8.68,8.13,8.4,8.31,1.083,423493.2,358362.617
300012.SZ,20250225,12.68,12.81,12.55,12.63,12.81,-1.4052,242586.93,307610.66
300013.SZ,20250225,3.35,3.39,3.32,3.33,3.36,-0.8929,81657.0,27341.986
300014.SZ,20250225,45.16,45.89,45.0,45.13,45.78,-1.4198,245004.53,1113649.13
300015.SZ,20250225,13.6,13.88,13.5,13.68,13.78,-0.7257,698338.07,956620.607
300016.SZ,20250225,6.78,6.84,6.71,6.73,6.82,-1.3196,65953.5,44640.216
300017.SZ,20250225,14.02,14.53,13.88,14.12,14.7,-3.9456,2332457.25,3307047.393
300018.SZ,20250225,7.22,7.33,7.18,7.22,7.33,-1.5007,123799.34,89787.727
300019.SZ,20250225,17.91,18.95,17.62,17.71,18.45,-4.0108,414268.36,753265.374
300020.SZ,20250225,3.1,3.21,3.07,3.12,3.11,0.3215,249739.92,78557.332
300021.SZ,20250225,4.65,4.73,4.5,4.54,4.84,-6.1983,655477.69,300762.587
300022.SZ,20250225,6.0,6.14,5.97,6.06,6.08,-0.3289,300520.01,181874.953
300024.SZ,20250225,20.5,22.18,20.4,21.1,20.95,0.716,1367321.96,2913711.385
300025.SZ,20250225,8.9,9.17,8.86,8.96,9.06,-1.1038,204409.9,184200.658
300026.SZ,20250225,3.6,3.62,3.55,3.57,3.61,-1.108,366368.0,131202.073
300027.SZ,20250225,2.83,2.87,2.77,2.82,2.88,-2.0833,1229294.9,346920.396
300029.SZ,20250225,4.7,4.8,4.69,4.7,4.75,-1.0526,15454.0,7324.404
300030.SZ,20250225,6.18,6.32,6.14,6.23,6.23,0.0,74713.57,46567.614
300031.SZ,20250225,24.88,30.0,23.7,26.21,25.44,3.0267,1072976.65,2871510.04
300032.SZ,20250225,4.81,5.05,4.73,4.92,4.83,1.8634,351111.99,172761.098
300033.SZ,20250225,311.0,319.55,309.0,311.66,316.66,-1.579,129903.11,4083380.474
300034.SZ,20250225,15.34,15.47,15.22,15.35,15.41,-0.3894,77142.2,118532.083
300035.SZ,20250225,14.89,15.24,14.78,15.03,15.07,-0.2654,333069.46,499862.118
300036.SZ,20250225,18.5,18.99,18.35,18.66,18.84,-0.9554,163570.65,305410.369
300037.SZ,20250225,34.58,35.19,34.31,34.61,34.97,-1.0295,159402.73,553222.119
300039.SZ,20250225,6.17,6.19,6.11,6.12,6.2,-1.2903,182031.96,111754.022
300040.SZ,20250225,6.31,6.39,6.25,6.28,6.4,-1.875,264790.42,167044.232
300041.SZ,20250225,8.8,8.9,8.76,8.83,8.91,-0.8979,172073.74,151998.745
300042.SZ,20250225,25.65,27.37,25.2,25.91,26.41,-1.8932,320022.14,843218.995
300043.SZ,20250225,4.19,4.38,4.11,4.28,4.27,0.2342,1018555.23,433738.934
300044.SZ,20250225,7.05,8.3,6.99,7.56,7.22,4.7091,1704942.93,1318146.918
300045.SZ,20250225,21.8,23.47,21.68,23.04,22.12,4.1591,665371.73,1522021.68
300046.SZ,20250225,36.34,38.35,36.17,37.6,37.17,1.1568,340298.99,1272093.386
300047.SZ,20250225,14.43,15.29,14.28,14.91,14.81,0.6752,844834.75,1265748.362
300048.SZ,20250225,5.14,5.2,5.12,5.15,5.19,-0.7707,106392.1,54881.923
300049.SZ,20250225,35.2,35.69,34.88,35.0,36.01,-2.8048,67763.71,238931.764
300050.SZ,20250225,6.09,6.79,6.03,6.43,6.21,3.5427,988044.62,641937.212
300051.SZ,20250225,6.91,7.19,6.85,7.14,7.0,2.0,115536.35,82139.443
300052.SZ,20250225,18.8,19.9,18.55,19.33,19.3,0.1554,268121.5,514517.85
300053.SZ,20250225,14.35,15.5,14.28,15.08,14.65,2.9352,620375.16,924588.649
300054.SZ,20250225,30.81,31.4,30.14,30.8,31.41,-1.9421,295093.82,906417.363
300055.SZ,20250225,5.2,5.26,5.15,5.21,5.23,-0.3824,70872.45,36908.518
300056.SZ,20250225,15.26,15.59,15.2,15.41,15.64,-1.4706,137614.75,211528.72
300057.SZ,20250225,5.46,5.6,5.42,5.52,5.53,-0.1808,313336.03,173359.382
300058.SZ,20250225,9.47,9.59,9.23,9.38,9.68,-3.0992,1735859.46,1629826.929
300059.SZ,20250225,23.75,24.05,23.63,23.7,24.12,-1.7413,3459575.01,8239757.941
300061.SZ,20250225,13.8,14.42,13.6,14.2,14.18,0.141,477480.6,673767.505
300062.SZ,20250225,5.65,5.73,5.56,5.7,5.67,0.5291,160857.61,91196.875
300063.SZ,20250225,10.66,10.68,10.33,10.47,10.96,-4.4708,977140.0,1027080.415
300065.SZ,20250225,12.61,13.16,12.32,12.69,13.4,-5.2985,1146797.56,1448656.544
300066.SZ,20250225,4.2,4.32,4.18,4.27,4.26,0.2347,291054.0,124308.092
300067.SZ,20250225,6.02,6.54,5.98,6.43,6.2,3.7097,1692213.12,1072225.431
300068.SZ,20250225,18.36,21.7,18.3,20.21,18.9,6.9312,2357475.39,4693300.637
300069.SZ,20250225,15.8,15.98,15.59,15.82,16.12,-1.861,49603.0,78084.499
300070.SZ,20250225,4.9,4.97,4.85,4.92,4.93,-0.2028,343989.3,168941.202
300071.SZ,20250225,6.6,6.75,6.51,6.58,6.79,-3.0928,847803.76,559925.301
300072.SZ,20250225,3.47,3.56,3.44,3.5,3.5,0.0,296349.82,104122.583
300073.SZ,20250225,43.3,44.01,42.5,42.69,44.17,-3.3507,229206.12,992602.849
300074.SZ,20250225,5.53,5.63,5.3,5.34,5.83,-8.4048,1193280.67,647317.244
300075.SZ,20250225,21.5,23.05,21.28,21.51,22.36,-3.8014,909650.64,2007538.54
300076.SZ,20250225,6.91,7.14,6.83,6.95,7.01,-0.8559,157260.0,109705.567
300077.SZ,20250225,28.76,29.93,27.78,29.16,28.6,1.958,1304987.98,3759430.877
300078.SZ,20250225,4.45,4.88,4.45,4.59,4.72,-2.7542,1253625.19,582412.892
300079.SZ,20250225,6.28,6.43,6.18,6.32,6.43,-1.7107,585384.81,369723.871
300080.SZ,20250225,4.12,4.23,4.08,4.18,4.15,0.7229,195170.72,81610.068
300081.SZ,20250225,8.51,8.56,8.34,8.36,8.67,-3.5755,505152.93,426699.49
300082.SZ,20250225,6.66,6.75,6.61,6.66,6.85,-2.7737,149496.0,99848.475
300083.SZ,20250225,7.46,8.49,7.45,7.93,7.36,7.7446,2597358.63,2060136.411
300084.SZ,20250225,5.62,5.77,5.58,5.7,5.68,0.3521,71418.57,40715.539
300085.SZ,20250225,39.7,40.66,39.29,39.49,40.66,-2.8775,333687.95,1334514.588
300086.SZ,20250225,4.92,5.04,4.86,4.92,4.94,-0.4049,107569.84,53015.444
300087.SZ,20250225,10.61,10.7,10.23,10.4,11.11,-6.3906,734288.24,765006.399
300088.SZ,20250225,6.69,7.04,6.65,6.91,6.77,2.0679,1103149.45,761484.795
300091.SZ,20250225,2.35,2.47,2.3,2.4,2.35,2.1277,876184.39,209860.978
300092.SZ,20250225,11.88,11.99,11.8,11.89,11.96,-0.5853,60273.0,71629.574
300093.SZ,20250225,13.57,14.6,13.41,14.48,13.76,5.2326,284522.57,405496.465
300094.SZ,20250225,3.66,3.74,3.61,3.63,3.71,-2.1563,576124.92,210923.604
300095.SZ,20250225,6.82,7.07,6.69,6.92,6.86,0.8746,98099.0,67823.834
300096.SZ,20250225,3.8,3.89,3.77,3.81,3.85,-1.039,93251.5,35660.03
300097.SZ,20250225,5.03,5.11,5.01,5.07,5.06,0.1976,83668.61,42382.101
300098.SZ,20250225,6.22,6.59,6.19,6.49,6.38,1.7241,1499782.74,970497.534
300099.SZ,20250225,6.49,6.65,6.45,6.57,6.57,0.0,144984.01,95139.816
300100.SZ,20250225,44.5,46.9,44.5,45.34,45.72,-0.8311,390629.34,1792196.845
300101.SZ,20250225,18.8,19.24,18.64,18.98,19.1,-0.6283,174474.0,331842.163
300102.SZ,20250225,10.99,11.29,10.93,11.1,11.12,-0.1799,294171.88,327341.473
300103.SZ,20250225,7.55,7.55,7.01,7.07,7.55,-6.3576,293814.53,210725.317
300105.SZ,20250225,7.01,7.15,6.91,7.06,7.1,-0.5634,132292.34,93317.867
300106.SZ,20250225,9.31,9.86,9.11,9.7,9.48,2.3207,265354.58,252078.977
300107.SZ,20250225,9.71,10.25,9.63,10.0,9.95,0.5025,290067.96,291440.834
300108.SZ,20250225,0.96,1.01,0.96,0.98,0.98,0.0,405941.24,40013.615
300109.SZ,20250225,14.65,14.75,14.47,14.49,14.79,-2.0284,96702.09,141135.142
300110.SZ,20250225,3.23,3.27,3.21,3.23,3.26,-0.9202,137833.97,44575.578
300111.SZ,20250225,3.26,3.32,3.22,3.24,3.29,-1.5198,250255.88,81928.771
300112.SZ,20250225,9.8,10.33,9.76,10.13,9.9,2.3232,199792.34,202097.064
300113.SZ,20250225,20.85,21.38,20.69,20.9,21.82,-4.2163,502614.11,1054677.66
300115.SZ,20250225,27.13,28.33,27.01,27.31,27.68,-1.3367,1722868.91,4762039.221
300117.SZ,20250225,0.87,0.96,0.87,0.89,0.9,-1.1111,444725.5,40641.579
300118.SZ,20250225,11.66,11.96,11.54,11.83,11.71,1.0248,345580.56,408846.479
300119.SZ,20250225,16.72,16.77,16.39,16.6,16.77,-1.0137,46445.99,77131.825
300120.SZ,20250225,9.58,9.97,9.5,9.71,9.71,0.0,311368.08,304085.026
300121.SZ,20250225,12.99,13.95,12.86,13.8,13.0,6.1538,433149.44,583026.859
300122.SZ,20250225,25.91,26.53,25.77,26.1,26.17,-0.2675,200097.6,521734.425
300123.SZ,20250225,5.97,6.19,5.92,6.08,6.05,0.4959,305739.49,185674.789
300124.SZ,20250225,72.74,76.0,72.45,74.42,74.0,0.5676,465078.24,3476691.368
300125.SZ,20250225,5.88,6.27,5.87,6.0,5.82,3.0928,150911.01,91292.829
300126.SZ,20250225,8.19,8.35,7.6,7.73,8.27,-6.5296,418781.69,331299.276
300127.SZ,20250225,26.05,27.99,26.01,27.28,26.68,2.2489,232798.37,631217.513
300128.SZ,20250225,5.05,5.21,4.98,5.11,5.08,0.5906,360028.19,185076.586
300129.SZ,20250225,7.06,7.26,7.03,7.16,7.12,0.5618,187816.8,134543.732
300130.SZ,20250225,23.01,23.5,22.77,23.03,23.42,-1.6652,159035.98,367428.778
300131.SZ,20250225,8.55,8.87,8.51,8.7,8.77,-0.7982,651000.0,566958.98
300132.SZ,20250225,5.14,5.24,5.11,5.15,5.18,-0.5792,68853.12,35615.747
300133.SZ,20250225,8.22,8.35,8.12,8.16,8.48,-3.7736,1353255.55,1112157.687
300134.SZ,20250225,13.4,15.38,13.31,15.38,12.82,19.9688,724455.32,1064504.384
300135.SZ,20250225,4.29,4.37,4.23,4.3,4.34,-0.9217,267519.0,114966.934
300136.SZ,20250225,25.82,26.88,25.58,26.4,26.09,1.1882,481148.34,1266833.188
300137.SZ,20250225,6.84,7.0,6.82,6.85,6.86,-0.1458,35476.0,24400.022
300138.SZ,20250225,8.6,8.67,8.53,8.55,8.73,-2.0619,66291.14,56818.245
300139.SZ,20250225,17.73,18.38,17.26,17.3,17.28,0.1157,368229.99,652512.387
300140.SZ,20250225,6.03,6.11,5.95,6.07,6.03,0.6633,101599.17,61493.165
300141.SZ,20250225,9.16,9.34,9.1,9.19,9.31,-1.2889,60869.25,56193.496
300142.SZ,20250225,12.03,12.12,11.93,12.01,12.1,-0.7438,216167.72,259378.418
300143.SZ,20250225,10.58,10.8,10.47,10.53,10.78,-2.3191,132616.38,140872.902
300144.SZ,20250225,8.75,8.82,8.62,8.66,8.83,-1.9253,327367.82,285269.696
300145.SZ,20250225,4.2,4.52,4.14,4.49,4.29,4.662,2390620.07,1046546.74
300146.SZ,20250225,11.62,11.63,11.47,11.49,11.69,-1.7109,120381.02,139007.77
300147.SZ,20250225,10.16,10.37,10.0,10.15,10.28,-1.2646,259704.36,264742.213
300148.SZ,20250225,5.02,5.59,4.86,5.2,5.1,1.9608,3002327.41,1540728.401
300149.SZ,20250225,6.85,6.9,6.71,6.8,6.86,-0.8746,98111.4,66812.171
300150.SZ,20250225,5.4,5.64,5.33,5.47,5.49,-0.3643,273656.0,150036.002
300151.SZ,20250225,16.57,17.32,16.38,16.95,16.74,1.2545,165492.81,279948.588
300152.SZ,20250225,5.02,5.21,4.94,5.08,5.1,-0.3922,509196.04,261390.158
300153.SZ,20250225,31.1,37.73,31.1,35.55,32.99,7.7599,661208.68,2252601.705
300154.SZ,20250225,10.73,11.2,10.7,10.9,11.01,-0.9991,205863.55,225816.899
300155.SZ,20250225,5.09,5.23,5.05,5.12,5.18,-1.1583,107012.0,55090.394
300157.SZ,20250225,3.16,3.36,3.16,3.33,3.22,3.4161,637955.0,209658.321
300158.SZ,20250225,4.0,4.09,3.96,4.0,4.02,-0.4975,212455.04,85741.731
300159.SZ,20250225,2.94,3.3,2.9,3.02,2.89,4.4983,4319527.43,1334970.962
300160.SZ,20250225,5.34,5.37,5.28,5.33,5.37,-0.7449,85554.0,45602.869
300161.SZ,20250225,35.0,37.8,34.8,35.7,36.4,-1.9231,261823.65,955920.442
300162.SZ,20250225,7.6,8.12,7.56,7.96,7.72,3.1088,326456.3,257478.11
300163.SZ,20250225,2.75,2.81,2.72,2.75,2.77,-0.722,101665.28,28014.069
300164.SZ,20250225,4.25,4.28,4.22,4.23,4.28,-1.1682,148242.0,62978.852
300165.SZ,20250225,3.01,3.04,2.99,3.0,3.03,-0.9901,79100.62,23845.955
300166.SZ,20250225,12.99,13.53,12.86,13.09,13.54,-3.3235,1200685.14,1575627.456
300167.SZ,20250225,2.38,2.49,2.37,2.45,2.4,2.0833,203116.02,49461.591
300168.SZ,20250225,9.08,9.39,9.03,9.15,9.3,-1.6129,534220.0,492273.966
300169.SZ,20250225,7.6,7.76,7.51,7.65,7.73,-1.0349,157885.0,120974.836
300170.SZ,20250225,19.8,20.07,19.21,19.31,20.91,-7.6518,1670069.53,3274143.039
300171.SZ,20250225,13.64,13.84,13.57,13.68,13.83,-1.0846,58738.72,80510.233
300172.SZ,20250225,5.1,5.2,5.08,5.15,5.14,0.1946,180031.86,92738.779
300173.SZ,20250225,6.7,6.95,6.63,6.75,6.8,-0.7353,500110.35,341289.521
300174.SZ,20250225,16.25,16.6,16.15,16.32,16.44,-0.7299,108551.64,177208.536
300175.SZ,20250225,6.58,6.6,6.13,6.18,6.53,-5.3599,766802.66,481148.048
300176.SZ,20250225,7.36,7.55,7.33,7.51,7.47,0.5355,115799.05,86526.806
300177.SZ,20250225,12.94,13.72,12.81,12.9,12.68,1.735,1196184.25,1582853.667
300179.SZ,20250225,10.12,10.42,10.1,10.24,10.27,-0.2921,186842.0,192361.795
300180.SZ,20250225,6.56,6.76,6.45,6.61,6.63,-0.3017,565751.43,376086.007
300181.SZ,20250225,14.81,14.98,14.68,14.75,14.96,-1.4037,165292.19,244914.915
300182.SZ,20250225,6.48,6.56,6.32,6.44,6.59,-2.2762,1387457.31,893067.407
300183.SZ,20250225,17.29,17.94,17.17,17.59,17.73,-0.7896,132776.07,232749.775
300184.SZ,20250225,10.81,11.39,10.73,11.15,11.14,0.0898,1144453.58,1262663.236
300185.SZ,20250225,2.46,2.52,2.43,2.48,2.49,-0.4016,744904.2,185367.196
300187.SZ,20250225,5.07,5.1,5.02,5.06,5.08,-0.3937,58749.0,29787.723
300188.SZ,20250225,15.68,17.16,15.63,16.36,16.1,1.6149,595194.84,979234.249
300189.SZ,20250225,4.21,4.28,4.11,4.12,4.41,-6.576,1725737.47,720444.163
300190.SZ,20250225,3.24,3.32,3.21,3.29,3.26,0.9202,114406.4,37451.741
300191.SZ,20250225,13.6,13.68,13.4,13.61,13.59,0.1472,25654.75,34753.174
300192.SZ,20250225,19.0,19.78,18.9,19.4,19.67,-1.3726,248421.0,480600.719
300193.SZ,20250225,10.2,10.41,10.16,10.29,10.41,-1.1527,165775.65,170624.982
300194.SZ,20250225,4.37,4.39,4.33,4.34,4.39,-1.139,167658.25,73017.1
300195.SZ,20250225,6.22,6.35,6.18,6.26,6.31,-0.7924,131507.73,82528.289
300196.SZ,20250225,11.08,11.32,11.03,11.15,11.29,-1.24,33652.0,37617.93
300197.SZ,20250225,2.3,2.38,2.26,2.31,2.31,0.0,942109.5,219477.756
300198.SZ,20250225,2.12,2.21,2.1,2.14,2.14,0.0,428020.0,92530.471
300199.SZ,20250225,12.33,12.58,12.31,12.46,12.58,-0.9539,224888.0,279906.924
300200.SZ,20250225,8.47,8.67,8.38,8.54,8.49,0.5889,82301.2,70256.091
300201.SZ,20250225,5.51,5.74,5.46,5.64,5.6,0.7143,458284.8,258443.547
300203.SZ,20250225,18.88,19.15,18.51,18.76,19.11,-1.8315,149723.17,282189.329
300204.SZ,20250225,7.46,7.6,7.35,7.53,7.51,0.2663,91016.71,68020.235
300205.SZ,20250225,4.62,4.69,4.56,4.63,4.64,-0.2155,54425.87,25182.579
300206.SZ,20250225,13.08,13.4,13.03,13.21,13.4,-1.4179,142675.99,188286.622
300207.SZ,20250225,24.2,25.13,24.12,24.59,24.6,-0.0407,486363.86,1201430.777
300208.SZ,20250225,1.88,1.95,1.87,1.88,1.9,-1.0526,87495.0,16674.088
300209.SZ,20250225,4.41,4.42,4.33,4.36,4.43,-1.5801,71659.0,31290.826
300210.SZ,20250225,11.06,11.45,11.0,11.19,11.34,-1.3228,128672.35,144768.662
300211.SZ,20250225,9.66,10.66,9.51,10.57,9.87,7.0922,435881.17,445033.446
300212.SZ,20250225,29.35,31.64,29.03,30.94,29.96,3.271,796178.57,2437689.281
300213.SZ,20250225,9.46,9.52,9.25,9.4,9.73,-3.3916,538689.09,505478.457
300214.SZ,20250225,7.15,7.26,6.9,6.99,7.38,-5.2846,447991.0,316268.987
300215.SZ,20250225,6.13,6.18,6.06,6.09,6.19,-1.6155,119764.39,73210.524
300217.SZ,20250225,5.35,5.8,5.22,5.61,5.49,2.1858,1587158.88,877441.693
300218.SZ,20250225,16.65,17.34,16.49,16.95,16.76,1.1337,93238.0,158080.635
300219.SZ,20250225,7.34,7.64,7.26,7.5,7.4,1.3514,233914.57,175308.015
300220.SZ,20250225,17.8,18.39,17.55,18.1,18.4,-1.6304,114647.17,206827.964
300221.SZ,20250225,7.73,8.4,7.71,8.05,7.88,2.1574,713150.59,576407.175
300222.SZ,20250225,12.15,12.8,12.08,12.49,12.45,0.3213,569436.86,714451.908
300223.SZ,20250225,83.88,93.98,83.7,90.0,85.96,4.6999,546519.66,4849249.213
300224.SZ,20250225,14.38,14.85,14.33,14.46,14.9,-2.953,513076.54,745432.895
300225.SZ,20250225,6.98,7.06,6.85,6.97,6.99,-0.2861,58774.58,41002.15
300226.SZ,20250225,26.0,26.04,25.25,25.45,26.21,-2.8997,173225.05,444911.024
300227.SZ,20250225,9.02,9.2,8.94,9.11,8.95,1.7877,392767.45,357053.021
300228.SZ,20250225,7.34,7.44,7.3,7.36,7.41,-0.6748,142529.34,105107.613
300229.SZ,20250225,25.87,26.62,25.77,26.18,27.03,-3.1447,728069.68,1906378.924
300230.SZ,20250225,4.63,4.75,4.6,4.64,4.66,-0.4292,161074.2,75165.031
300231.SZ,20250225,13.6,14.3,13.5,14.04,14.01,0.2141,635746.18,889349.161
300232.SZ,20250225,8.2,8.41,8.09,8.28,8.33,-0.6002,426661.18,352494.107
300233.SZ,20250225,13.23,13.59,13.15,13.34,13.38,-0.299,90016.08,120112.016
300234.SZ,20250225,4.71,4.77,4.68,4.7,4.75,-1.0526,47372.0,22354.202
300235.SZ,20250225,12.18,12.41,12.06,12.23,12.37,-1.1318,102346.08,124952.005
300236.SZ,20250225,37.9,39.15,37.7,38.6,38.32,0.7307,69030.91,265967.36
300237.SZ,20250225,2.16,2.25,2.14,2.18,2.19,-0.4566,674261.8,148380.962
300238.SZ,20250225,13.0,13.82,12.97,13.28,13.15,0.9886,155010.0,206745.323
300239.SZ,20250225,5.52,5.58,5.48,5.53,5.56,-0.5396,70562.0,39034.197
300240.SZ,20250225,6.53,6.65,6.51,6.63,6.62,0.1511,75726.0,49940.137
300241.SZ,20250225,5.65,5.74,5.59,5.66,5.7,-0.7018,210854.26,119693.754
300242.SZ,20250225,5.08,5.22,5.0,5.08,5.18,-1.9305,444719.06,226677.856
300243.SZ,20250225,9.91,10.34,9.87,10.18,9.99,1.9019,96951.5,98641.951
300244.SZ,20250225,18.24,19.41,17.9,18.66,18.62,0.2148,798555.01,1498830.093
300245.SZ,20250225,18.1,22.44,18.1,20.95,18.7,12.0321,1307347.86,2689252.457
300246.SZ,20250225,7.64,7.73,7.5,7.51,7.64,-1.7016,225120.61,171502.944
300247.SZ,20250225,3.81,3.9,3.75,3.81,3.85,-1.039,220701.06,84642.601
300248.SZ,20250225,12.01,12.48,11.91,12.18,12.26,-0.6525,226348.82,277185.463
300249.SZ,20250225,17.46,18.8,17.46,18.37,19.2,-4.3229,832091.53,1518350.979
300250.SZ,20250225,17.52,18.99,17.41,18.53,18.07,2.5457,279267.4,511160.82
300251.SZ,20250225,26.12,26.16,24.36,24.48,27.09,-9.6346,3191104.88,7981021.494
300252.SZ,20250225,11.2,11.4,11.06,11.2,11.42,-1.9264,487818.29,546882.933
300253.SZ,20250225,11.93,13.28,11.88,12.52,12.44,0.6431,2386772.15,3024722.197
300254.SZ,20250225,9.46,9.56,9.23,9.39,9.49,-1.0537,121607.48,114294.698
300255.SZ,20250225,20.2,20.76,19.99,20.47,20.5,-0.1463,187360.73,381435.948
300256.SZ,20250225,5.35,5.79,5.2,5.47,5.54,-1.2635,2866886.48,1579560.168
300257.SZ,20250225,10.12,10.2,9.87,9.94,10.21,-2.6445,135111.98,135453.925
300258.SZ,20250225,12.73,13.51,12.49,13.03,13.04,-0.0767,463586.43,597204.982
300259.SZ,20250225,3.63,3.72,3.62,3.66,3.67,-0.2725,163605.2,59868.583
300260.SZ,20250225,25.2,26.3,25.03,25.82,25.56,1.0172,136535.2,352358.824
300261.SZ,20250225,6.78,6.86,6.7,6.78,6.84,-0.8772,127213.8,86309.515
300263.SZ,20250225,7.41,7.61,7.35,7.42,7.51,-1.1984,303337.7,225853.2
300264.SZ,20250225,6.3,6.42,6.22,6.31,6.5,-2.9231,448287.4,283452.875
300265.SZ,20250225,8.58,8.67,8.38,8.51,8.51,0.0,165090.5,140924.239
300266.SZ,20250225,2.8,2.87,2.75,2.78,2.8,-0.7143,423894.0,119424.391
300267.SZ,20250225,2.83,2.88,2.79,2.83,2.86,-1.049,299536.0,84931.08
300268.SZ,20250225,6.88,7.06,6.82,7.01,6.96,0.7184,11940.0,8313.006
300269.SZ,20250225,4.28,4.44,4.25,4.38,4.35,0.6897,267324.0,117012.537
300270.SZ,20250225,8.28,8.38,8.14,8.23,8.41,-2.1403,162028.8,133992.979
300271.SZ,20250225,9.23,9.57,9.2,9.32,9.6,-2.9167,642855.15,600517.397
300272.SZ,20250225,6.25,6.39,6.18,6.25,6.31,-0.9509,241202.03,150876.781
300274.SZ,20250225,67.23,68.36,67.02,67.13,68.07,-1.3809,352111.28,2377430.236
300275.SZ,20250225,14.31,14.44,13.99,14.12,14.41,-2.0125,104524.32,148349.575
300276.SZ,20250225,14.5,15.22,14.39,14.61,14.68,-0.4768,2503322.52,3704530.562
300277.SZ,20250225,14.0,14.82,13.85,14.45,14.37,0.5567,247163.02,357955.418
300278.SZ,20250225,7.5,7.87,7.43,7.57,7.74,-2.1964,1291804.21,990601.348
300279.SZ,20250225,6.79,7.13,6.73,6.94,6.88,0.8721,171386.34,119203.95
300280.SZ,20250225,14.9,15.28,14.81,14.98,15.08,-0.6631,154662.0,233561.391
300281.SZ,20250225,5.97,6.13,5.91,6.04,6.0,0.6667,194526.48,117702.91
300283.SZ,20250225,6.0,6.47,5.93,6.15,5.89,4.4143,395839.28,245492.449
300284.SZ,20250225,11.53,12.35,11.49,12.01,11.78,1.9525,1021240.61,1227351.433
300285.SZ,20250225,19.18,19.38,19.03,19.15,19.38,-1.1868,194566.18,373530.358
300286.SZ,20250225,21.92,22.28,21.73,21.95,22.27,-1.4369,44262.59,97422.449
300287.SZ,20250225,7.26,7.78,7.21,7.42,7.57,-1.9815,1965388.72,1479449.433
300288.SZ,20250225,17.68,18.13,17.48,17.8,18.14,-1.8743,254557.52,454147.021
300289.SZ,20250225,4.98,5.09,4.96,5.01,5.03,-0.3976,53866.0,27070.723
300290.SZ,20250225,19.99,21.18,19.7,20.43,20.49,-0.2928,374001.5,769499.874
300291.SZ,20250225,5.33,5.37,5.23,5.28,5.4,-2.2222,271889.72,144013.203
300292.SZ,20250225,5.49,5.76,5.46,5.6,5.6,0.0,959549.0,540551.728
300293.SZ,20250225,23.77,28.88,23.58,26.87,24.07,11.6327,633555.71,1697903.055
300294.SZ,20250225,28.01,28.06,27.66,27.71,28.08,-1.3177,53514.0,148570.32
300295.SZ,20250225,15.93,16.3,15.76,15.87,16.14,-1.6729,78278.4,125666.459
300296.SZ,20250225,7.51,7.93,7.39,7.65,7.75,-1.2903,2784754.05,2122568.939
300298.SZ,20250225,24.87,25.15,24.4,24.66,25.32,-2.6066,95545.17,236526.0
300299.SZ,20250225,6.55,6.71,6.45,6.55,6.68,-1.9461,473828.58,311339.45
300300.SZ,20250225,3.0,3.19,2.99,3.08,2.99,3.01,337635.5,104256.06
300301.SZ,20250225,1.73,1.77,1.73,1.75,1.75,0.0,61895.0,10841.789
300302.SZ,20250225,17.2,18.14,17.06,17.69,17.72,-0.1693,405832.94,717889.022
300303.SZ,20250225,7.06,7.25,7.04,7.17,7.16,0.1397,571488.85,408871.698
300304.SZ,20250225,8.6,8.8,8.56,8.7,8.71,-0.1148,188551.84,164025.913
300305.SZ,20250225,5.64,5.72,5.6,5.65,5.65,0.0,44834.12,25388.197
300306.SZ,20250225,13.81,14.69,13.74,14.29,14.14,1.0608,167948.26,238886.777
300307.SZ,20250225,9.14,9.22,8.92,8.99,9.28,-3.125,634615.86,573963.616
300308.SZ,20250225,111.01,113.12,110.5,111.35,114.5,-2.7511,457928.24,5120902.634
300310.SZ,20250225,8.99,9.6,8.98,9.1,8.96,1.5625,1856602.65,1714995.083
300311.SZ,20250225,6.82,7.09,6.82,6.91,6.99,-1.1445,322907.7,224190.718
300313.SZ,20250225,5.69,5.69,5.49,5.5,5.88,-6.4626,100541.0,55851.323
300314.SZ,20250225,11.6,11.91,11.48,11.63,11.66,-0.2573,42525.14,49880.621
300315.SZ,20250225,6.0,6.1,5.91,5.97,6.08,-1.8092,1131528.95,677504.566
300316.SZ,20250225,32.45,32.95,32.21,32.58,32.63,-0.1532,182080.98,594678.844
300317.SZ,20250225,3.75,3.85,3.71,3.8,3.78,0.5291,210977.13,80024.245
300318.SZ,20250225,5.95,5.98,5.86,5.91,5.95,-0.6723,59179.0,34998.971
300319.SZ,20250225,12.85,13.44,12.8,13.26,13.17,0.6834,503710.65,662479.723
300320.SZ,20250225,9.8,9.99,9.71,9.9,9.89,0.1011,117595.0,116223.113
300321.SZ,20250225,28.65,28.77,27.17,28.26,28.73,-1.6359,23101.0,64477.342
300322.SZ,20250225,14.65,15.93,14.65,15.48,14.94,3.6145,650694.52,1008270.595
300323.SZ,20250225,8.18,8.6,8.1,8.37,8.37,0.0,610371.76,511246.278
300324.SZ,20250225,4.06,4.97,4.02,4.54,4.14,9.6618,4730929.17,2187333.214
300326.SZ,20250225,7.38,7.51,7.22,7.33,7.45,-1.6107,128941.92,94367.345
300327.SZ,20250225,25.83,26.8,25.72,26.38,26.15,0.8795,275990.87,729273.978
300328.SZ,20250225,9.15,10.8,8.97,10.42,9.0,15.7778,1892960.9,1906288.818
300329.SZ,20250225,6.52,6.57,6.38,6.44,6.46,-0.3096,50482.0,32660.009
300331.SZ,20250225,22.1,23.18,22.02,22.89,22.52,1.643,156025.13,354287.533
300332.SZ,20250225,4.95,5.02,4.92,4.95,4.99,-0.8016,127227.39,63060.231
300333.SZ,20250225,14.7,15.32,14.55,14.64,15.01,-2.465,341565.2,509543.193
300334.SZ,20250225,6.06,6.18,6.01,6.11,6.08,0.4934,48396.06,29533.494
300335.SZ,20250225,5.04,5.08,4.99,5.0,5.07,-1.3807,120182.99,60505.402
300337.SZ,20250225,12.91,14.98,12.76,13.94,13.04,6.9018,1266106.72,1746670.828
300338.SZ,20250225,3.53,3.62,3.49,3.51,3.52,-0.2841,86368.57,30677.23
300339.SZ,20250225,60.0,63.86,59.5,60.54,61.77,-1.9913,1057328.98,6484325.234
300340.SZ,20250225,11.18,11.32,11.02,11.09,11.32,-2.0318,97732.0,109057.299
300341.SZ,20250225,18.26,19.15,18.2,18.73,18.67,0.3214,157081.0,294927.832
300342.SZ,20250225,18.51,19.48,18.5,18.8,18.83,-0.1593,455064.14,863375.341
300343.SZ,20250225,6.24,6.4,6.12,6.28,6.32,-0.6329,389909.78,245025.886
300344.SZ,20250225,9.2,9.98,9.19,9.67,9.53,1.469,982237.8,952263.247
300345.SZ,20250225,5.77,5.85,5.72,5.82,5.8,0.3448,63874.0,37046.344
300346.SZ,20250225,38.5,40.96,38.33,40.52,38.97,3.9774,519180.7,2077146.016
300347.SZ,20250225,58.11,58.87,57.29,57.55,59.29,-2.9347,116271.57,675247.226
300348.SZ,20250225,15.97,16.36,15.73,15.91,16.49,-3.5173,621154.39,992830.108
300349.SZ,20250225,13.83,14.06,13.74,13.88,13.95,-0.5018,93420.4,129920.615
300350.SZ,20250225,5.49,5.6,5.43,5.53,5.57,-0.7181,149818.51,82709.89
300351.SZ,20250225,18.55,18.85,18.46,18.59,18.86,-1.4316,128791.98,240116.521
300352.SZ,20250225,6.35,6.75,6.27,6.39,6.45,-0.9302,837965.5,540410.045
300353.SZ,20250225,13.0,13.75,12.91,13.32,13.15,1.2928,246611.5,329593.778
300354.SZ,20250225,48.3,56.58,48.11,53.5,49.55,7.9717,129901.46,687255.272
300355.SZ,20250225,5.1,5.32,5.09,5.19,5.17,0.3868,1004530.64,526013.781
300357.SZ,20250225,21.96,22.42,21.76,22.2,22.15,0.2257,77957.17,172479.454
300358.SZ,20250225,7.35,7.63,7.3,7.45,7.41,0.5398,157864.82,117921.669
300359.SZ,20250225,6.65,7.14,6.58,6.75,6.71,0.5961,414611.0,284467.444
300360.SZ,20250225,17.88,18.15,17.72,17.83,18.05,-1.2188,168138.48,301782.947
300363.SZ,20250225,17.66,17.8,17.36,17.46,17.96,-2.784,104229.0,182912.841
300364.SZ,20250225,26.74,27.6,26.74,27.14,28.58,-5.0385,870244.2,2358997.131
300365.SZ,20250225,6.58,7.06,6.45,6.78,6.69,1.3453,454150.77,307354.46
300366.SZ,20250225,10.78,11.08,10.67,10.85,10.96,-1.0036,323906.74,352544.302
300368.SZ,20250225,4.5,4.78,4.48,4.63,4.47,3.5794,226178.0,105406.603
300369.SZ,20250225,8.51,8.88,8.45,8.76,8.75,0.1143,230158.96,200626.48
300370.SZ,20250225,3.45,3.5,3.38,3.42,3.47,-1.4409,586479.0,201713.278
300371.SZ,20250225,10.32,10.65,10.22,10.31,10.42,-1.0557,36672.44,38074.344
300373.SZ,20250225,45.58,47.15,45.5,46.65,46.46,0.409,131974.22,613882.29
300374.SZ,20250225,18.6,18.83,18.5,18.6,19.1,-2.6178,203722.0,379937.33
300375.SZ,20250225,4.97,5.15,4.93,5.08,5.03,0.994,276695.32,140220.43
300376.SZ,20250225,3.76,3.81,3.73,3.78,3.82,-1.0471,208443.97,78631.912
300377.SZ,20250225,32.0,32.99,31.31,31.65,33.36,-5.1259,1128670.46,3629381.017
300378.SZ,20250225,38.86,39.48,38.0,38.65,39.84,-2.9869,194442.94,755402.951
300379.SZ,20250225,17.8,18.81,17.6,18.49,18.35,0.7629,673819.0,1229104.605
300380.SZ,20250225,52.93,53.62,51.5,51.82,53.48,-3.104,87246.0,459368.204
300381.SZ,20250225,7.33,7.49,7.26,7.4,7.4,0.0,60634.51,44818.302
300382.SZ,20250225,16.3,17.27,16.1,16.66,16.77,-0.6559,460238.96,764655.664
300383.SZ,20250225,20.96,24.0,20.2,22.95,21.88,4.8903,3023801.87,6694644.651
300384.SZ,20250225,19.98,20.61,19.84,20.1,20.32,-1.0827,130099.42,263288.957
300385.SZ,20250225,4.96,5.03,4.89,4.92,4.95,-0.6061,44230.92,21935.794
300386.SZ,20250225,15.98,16.57,15.89,16.19,16.36,-1.0391,160654.2,261798.839
300387.SZ,20250225,10.08,10.35,9.78,9.91,10.39,-4.6198,429130.6,428349.169
300388.SZ,20250225,7.34,7.35,7.23,7.25,7.35,-1.3605,68486.08,49914.422
300389.SZ,20250225,12.02,12.23,11.87,12.1,12.17,-0.5752,45171.54,54553.24
300390.SZ,20250225,22.89,24.0,22.8,23.54,22.99,2.3923,336637.62,794720.21
300391.SZ,20250225,5.1,5.45,4.96,5.22,5.19,0.578,350595.57,183565.84
300393.SZ,20250225,6.04,6.14,5.99,6.09,6.08,0.1645,195734.53,119205.445
300394.SZ,20250225,97.16,102.35,96.96,100.17,101.12,-0.9395,176400.77,1753311.539
300395.SZ,20250225,41.64,42.36,40.8,41.31,41.9,-1.4081,94072.59,389026.456
300396.SZ,20250225,16.1,16.27,15.86,15.96,16.29,-2.0258,50282.0,80597.538
300397.SZ,20250225,12.1,12.47,12.01,12.29,12.3,-0.0813,139513.61,171490.321
300398.SZ,20250225,16.39,16.99,16.24,16.73,16.58,0.9047,217049.43,362346.529
300399.SZ,20250225,24.31,25.0,23.99,24.17,24.78,-2.4617,123668.1,302211.572
300400.SZ,20250225,17.45,18.23,17.36,17.93,17.66,1.5289,96520.26,172611.496
300401.SZ,20250225,14.11,14.29,13.88,13.91,14.1,-1.3475,95910.0,134471.939
300402.SZ,20250225,14.79,16.1,14.77,15.63,14.99,4.2695,119983.32,187216.945
300403.SZ,20250225,16.4,18.45,16.12,17.95,16.65,7.8078,1338891.43,2353771.268
300404.SZ,20250225,10.0,10.16,9.94,10.03,10.22,-1.8591,122987.17,123570.34
300405.SZ,20250225,4.86,4.98,4.83,4.9,4.91,-0.2037,104511.15,51340.185
300406.SZ,20250225,17.56,17.7,16.92,16.98,17.76,-4.3919,163388.4,282096.541
300407.SZ,20250225,11.13,11.26,11.0,11.08,11.27,-1.6859,54029.0,60073.716
300408.SZ,20250225,39.39,40.0,38.3,38.57,40.07,-3.7434,183810.46,715742.592
300409.SZ,20250225,16.43,17.14,16.25,16.55,16.69,-0.8388,632026.67,1055442.17
300410.SZ,20250225,5.6,5.74,5.58,5.69,5.7,-0.1754,99727.17,56779.503
300411.SZ,20250225,14.49,15.28,14.43,14.91,15.07,-1.0617,399374.0,593514.805
300412.SZ,20250225,5.55,5.61,5.48,5.54,5.61,-1.2478,183124.34,101495.947
300413.SZ,20250225,26.79,26.98,26.4,26.52,27.11,-2.1763,119250.35,317272.825
300414.SZ,20250225,8.38,8.54,8.31,8.4,8.46,-0.7092,40524.0,34186.615
300415.SZ,20250225,22.53,24.96,22.52,24.44,22.98,6.3534,410908.29,982590.008
300416.SZ,20250225,12.51,12.9,12.49,12.76,12.75,0.0784,155183.7,197418.433
300417.SZ,20250225,12.68,12.96,12.6,12.84,12.86,-0.1555,47089.5,60267.31
300418.SZ,20250225,40.99,41.78,40.82,41.07,42.25,-2.7929,516141.16,2126254.492
300419.SZ,20250225,5.48,5.58,5.43,5.49,5.57,-1.4363,172833.0,95021.873
300420.SZ,20250225,3.16,3.27,3.11,3.21,3.18,0.9434,749055.09,241312.728
300421.SZ,20250225,14.23,15.44,14.1,14.83,14.44,2.7008,424983.61,633168.617
300422.SZ,20250225,4.28,4.35,4.26,4.28,4.33,-1.1547,126908.42,54623.893
300423.SZ,20250225,7.44,7.59,7.4,7.47,7.53,-0.7968,77941.75,58460.307
300424.SZ,20250225,16.65,17.15,16.54,16.82,17.0,-1.0588,121763.83,205957.116
300425.SZ,20250225,5.44,5.47,5.34,5.35,5.41,-1.1091,231086.43,124621.074
300426.SZ,20250225,9.94,10.08,9.78,9.82,10.2,-3.7255,94119.5,93458.161
300427.SZ,20250225,6.08,6.29,6.01,6.16,6.13,0.4894,172760.34,106789.087
300428.SZ,20250225,17.99,18.49,17.91,18.13,18.2,-0.3846,123742.71,225099.119
300429.SZ,20250225,12.88,13.8,12.75,13.35,13.16,1.4438,365321.52,488095.949
300430.SZ,20250225,17.65,18.86,17.5,18.38,17.98,2.2247,215861.99,393941.462
300432.SZ,20250225,19.55,19.99,19.28,19.55,19.99,-2.2011,461190.02,904732.471
300433.SZ,20250225,29.3,30.33,28.75,29.52,29.88,-1.2048,705354.52,2079462.217
300434.SZ,20250225,8.96,9.01,8.76,8.85,8.99,-1.5573,69919.6,62152.952
300435.SZ,20250225,12.06,12.08,11.92,11.96,12.17,-1.7256,41045.0,49236.443
300436.SZ,20250225,34.38,34.52,33.47,33.85,34.85,-2.8694,43072.0,146061.482
300437.SZ,20250225,8.39,8.51,8.26,8.29,8.37,-0.9558,54774.25,45725.96
300438.SZ,20250225,31.0,32.35,30.81,31.35,31.6,-0.7911,306265.51,970983.183
300439.SZ,20250225,11.26,11.33,11.14,11.2,11.34,-1.2346,60983.55,68458.266
300440.SZ,20250225,8.33,8.47,8.26,8.35,8.5,-1.7647,116759.95,97662.767
300441.SZ,20250225,9.37,9.78,9.3,9.53,9.43,1.0604,226364.48,216997.629
300442.SZ,20250225,68.29,70.16,65.17,67.99,70.82,-3.996,622992.32,4199595.056
300443.SZ,20250225,20.16,22.5,19.94,21.61,20.18,7.0862,239960.97,513892.129
300444.SZ,20250225,7.17,7.29,7.1,7.2,7.22,-0.277,168991.68,121797.384
300445.SZ,20250225,18.6,18.88,18.43,18.51,18.85,-1.8037,58841.2,109605.724
300446.SZ,20250225,18.1,18.39,18.01,18.14,18.35,-1.1444,149181.6,271375.727
300447.SZ,20250225,13.18,13.56,13.13,13.45,13.37,0.5984,45840.73,61511.397
300448.SZ,20250225,7.84,8.22,7.74,8.0,8.03,-0.3736,434720.82,347673.59
300449.SZ,20250225,8.93,9.27,8.82,9.12,9.02,1.1086,169210.85,153983.942
300450.SZ,20250225,22.67,23.48,22.64,23.13,23.09,0.1732,450454.14,1042862.531
300451.SZ,20250225,6.33,6.57,6.2,6.36,6.57,-3.1963,1504713.13,959045.533
300452.SZ,20250225,11.89,11.89,11.66,11.71,11.89,-1.5139,29759.0,35076.251
300453.SZ,20250225,7.75,7.76,7.63,7.66,7.74,-1.0336,30262.39,23269.988
300454.SZ,20250225,106.0,112.56,102.51,111.0,113.0,-1.7699,147776.87,1610442.533
300455.SZ,20250225,13.71,14.14,13.7,13.88,13.86,0.1443,129370.67,180417.774
300456.SZ,20250225,18.65,19.29,18.51,19.01,18.9,0.582,275897.9,522617.756
300457.SZ,20250225,20.92,21.3,20.78,20.99,21.21,-1.0372,165076.41,347492.245
300458.SZ,20250225,52.84,55.35,52.0,53.71,54.78,-1.9533,625905.76,3351829.788
300459.SZ,20250225,6.44,6.85,6.37,6.59,6.59,0.0,3396324.07,2236000.572
300460.SZ,20250225,13.12,13.51,13.07,13.37,13.41,-0.2983,123017.37,164248.429
300461.SZ,20250225,20.35,21.6,20.19,21.27,20.59,3.3026,62321.2,132107.0
300462.SZ,20250225,10.19,10.44,10.08,10.25,10.27,-0.1947,52648.0,54118.252
300463.SZ,20250225,13.04,13.06,12.88,12.95,13.1,-1.145,51940.77,67370.155
300464.SZ,20250225,5.32,5.42,5.29,5.34,5.38,-0.7435,144509.0,77372.737
300465.SZ,20250225,19.01,19.44,18.76,18.95,19.55,-3.0691,435043.2,826936.054
300466.SZ,20250225,8.02,8.48,8.0,8.3,8.14,1.9656,236577.6,197303.864
300467.SZ,20250225,19.3,19.91,19.01,19.62,19.52,0.5123,124413.0,243304.54
300468.SZ,20250225,17.7,18.17,17.64,17.82,18.25,-2.3562,291895.18,521521.906
300469.SZ,20250225,28.91,29.4,28.31,28.75,29.5,-2.5424,128453.57,371230.107
300470.SZ,20250225,35.55,35.75,35.18,35.38,35.84,-1.2835,32244.67,114358.305
300471.SZ,20250225,9.3,9.31,9.18,9.24,9.24,0.0,56363.21,52199.148
300472.SZ,20250225,8.19,8.46,8.05,8.27,8.29,-0.2413,150635.04,124147.736
300473.SZ,20250225,24.43,25.65,24.42,25.35,24.81,2.1765,132406.77,333995.37
300474.SZ,20250225,94.0,97.8,93.51,94.96,96.2,-1.289,215826.54,2055262.209
300475.SZ,20250225,35.62,39.35,35.62,37.64,36.99,1.7572,1058705.63,3965971.605
300476.SZ,20250225,52.5,54.23,52.01,53.29,53.62,-0.6154,340658.25,1805091.45
300477.SZ,20250225,3.02,3.24,3.02,3.17,3.07,3.2573,775066.57,245665.903
300478.SZ,20250225,14.8,15.14,13.91,14.44,14.94,-3.3467,175124.77,253097.105
300479.SZ,20250225,23.51,23.9,23.0,23.04,23.05,-0.0434,235878.63,552621.233
300480.SZ,20250225,15.5,16.23,15.31,15.88,15.99,-0.6879,144563.91,227873.219
300481.SZ,20250225,15.01,15.32,14.93,15.12,15.11,0.0662,49154.17,74335.503
300482.SZ,20250225,24.38,24.38,23.87,23.96,24.66,-2.8386,114328.38,275700.306
300483.SZ,20250225,8.46,8.52,8.36,8.39,8.53,-1.6413,45402.8,38235.424
300484.SZ,20250225,23.2,23.81,22.89,23.18,23.91,-3.0531,166147.59,387504.664
300485.SZ,20250225,7.18,7.24,7.05,7.12,7.18,-0.8357,38717.24,27646.032
300486.SZ,20250225,7.6,7.79,7.5,7.62,7.69,-0.9103,170457.24,130806.954
300487.SZ,20250225,48.96,49.58,48.38,48.7,50.0,-2.6,63076.0,308178.11
300488.SZ,20250225,40.27,50.65,40.1,50.65,42.21,19.9953,134955.37,628457.661
300489.SZ,20250225,54.0,56.05,53.5,53.82,54.92,-2.0029,70699.0,387464.121
300490.SZ,20250225,8.93,9.18,8.8,8.95,9.08,-1.4317,267537.02,240762.831
300491.SZ,20250225,22.16,22.87,21.66,22.44,23.39,-4.0616,204080.0,452526.941
300492.SZ,20250225,80.0,81.22,77.78,78.67,81.11,-3.0083,13540.01,106358.494
300493.SZ,20250225,25.55,28.2,25.39,27.31,26.24,4.0777,968411.05,2620061.454
300494.SZ,20250225,14.0,14.23,13.78,13.8,14.61,-5.5441,542219.2,756170.864
300496.SZ,20250225,65.5,69.68,65.18,67.46,67.2,0.3869,388021.68,2625045.329
300497.SZ,20250225,8.4,8.58,8.34,8.44,8.43,0.1186,52979.2,44802.042
300498.SZ,20250225,16.37,16.44,16.22,16.26,16.48,-1.335,392839.81,641368.924
300499.SZ,20250225,20.3,21.04,20.2,20.59,21.33,-3.4693,406502.56,838146.999
300500.SZ,20250225,12.18,13.8,11.8,12.76,12.63,1.0293,198234.45,252539.716
300501.SZ,20250225,13.45,13.51,13.3,13.41,13.48,-0.5193,18919.0,25405.597
300502.SZ,20250225,110.2,112.63,109.6,110.7,113.5,-2.467,260911.34,2899767.474
300503.SZ,20250225,28.99,30.48,28.88,29.3,30.0,-2.3333,513992.3,1521965.541
300504.SZ,20250225,16.53,17.38,16.49,17.11,16.82,1.7241,93141.69,158736.328
300505.SZ,20250225,15.45,15.63,15.29,15.32,15.87,-3.4657,141299.5,217582.546
300506.SZ,20250225,2.9,3.04,2.86,2.98,2.87,3.8328,110507.25,32460.152
300507.SZ,20250225,7.57,7.94,7.5,7.81,7.6,2.7632,647598.24,504785.058
300508.SZ,20250225,30.92,37.54,30.63,37.54,31.28,20.0128,75088.13,273646.878
300509.SZ,20250225,9.5,9.62,9.34,9.49,9.46,0.3171,77654.81,73701.751
300510.SZ,20250225,4.24,4.33,4.19,4.25,4.28,-0.7009,153280.63,65331.361
300511.SZ,20250225,3.82,3.84,3.73,3.78,3.86,-2.0725,328786.76,124032.027
300512.SZ,20250225,7.59,7.83,7.53,7.7,7.69,0.13,49335.33,38080.124
300513.SZ,20250225,9.2,9.32,9.01,9.22,9.26,-0.432,83489.2,76773.232
300514.SZ,20250225,15.35,15.59,15.32,15.41,15.53,-0.7727,42302.0,65311.935
300515.SZ,20250225,16.01,16.09,15.76,15.9,16.26,-2.214,103402.98,164418.597
300516.SZ,20250225,33.57,34.27,33.57,33.8,33.96,-0.4711,13356.5,45306.402
300517.SZ,20250225,9.18,9.21,9.06,9.12,9.27,-1.6181,30307.0,27680.561
300518.SZ,20250225,11.56,11.56,11.25,11.34,11.49,-1.3055,38474.0,43821.594
300519.SZ,20250225,13.54,13.61,13.37,13.39,13.6,-1.5441,19505.0,26268.655
300520.SZ,20250225,26.7,28.32,26.52,27.63,27.41,0.8026,291449.02,805185.469
300521.SZ,20250225,21.55,21.98,21.17,21.56,22.06,-2.2665,70673.0,151985.529
300522.SZ,20250225,15.4,16.17,15.1,15.16,15.56,-2.5707,177723.73,277391.252
300523.SZ,20250225,21.7,22.28,21.21,21.93,21.94,-0.0456,45083.0,98391.965
300525.SZ,20250225,18.8,19.2,18.35,18.75,19.65,-4.5802,370265.0,695030.935
300527.SZ,20250225,7.98,8.12,7.9,8.03,8.03,0.0,153131.29,123078.493
300528.SZ,20250225,8.8,8.8,8.6,8.61,8.95,-3.7989,125055.8,108718.083
300529.SZ,20250225,26.31,26.32,25.88,25.91,26.44,-2.0045,68896.79,179774.378
300530.SZ,20250225,23.08,23.45,22.5,22.65,23.58,-3.944,77698.93,178929.889
300531.SZ,20250225,14.88,15.48,14.83,15.2,15.32,-0.7833,124443.5,188746.9
300532.SZ,20250225,12.58,12.96,12.48,12.71,12.78,-0.5477,133752.17,170354.154
300533.SZ,20250225,23.61,23.97,22.96,23.31,24.2,-3.6777,60965.0,142616.145
300534.SZ,20250225,8.18,8.23,8.08,8.14,8.23,-1.0936,59764.69,48703.023
300535.SZ,20250225,14.56,14.64,14.33,14.42,14.62,-1.368,13495.02,19539.77
300536.SZ,20250225,7.0,7.29,6.88,7.18,7.1,1.1268,65855.5,46477.014
300537.SZ,20250225,18.11,19.26,18.06,18.79,18.38,2.2307,157363.7,296193.406
300538.SZ,20250225,15.71,17.07,15.62,16.81,16.09,4.4748,187288.46,309537.472
300539.SZ,20250225,13.43,13.75,13.31,13.5,13.71,-1.5317,109082.74,147708.813
300540.SZ,20250225,24.67,24.69,24.25,24.35,24.77,-1.6956,40545.0,99148.829
300541.SZ,20250225,13.53,13.95,13.36,13.71,13.96,-1.7908,358713.08,489636.327
300542.SZ,20250225,21.2,22.4,21.16,21.9,21.76,0.6434,153060.63,336170.686
300543.SZ,20250225,13.4,13.88,13.2,13.44,13.01,3.3051,532016.27,718995.854
300545.SZ,20250225,32.93,35.04,32.75,34.45,33.33,3.3603,132579.57,454111.129
300546.SZ,20250225,19.01,19.54,18.8,19.18,19.38,-1.032,79744.2,153413.937
300547.SZ,20250225,42.5,44.4,41.52,42.01,45.21,-7.0781,232893.0,998949.057
300548.SZ,20250225,54.0,56.88,53.1,55.49,57.51,-3.5124,195666.18,1084560.863
300549.SZ,20250225,18.18,18.85,18.02,18.65,18.41,1.3036,51045.0,95111.045
300550.SZ,20250225,14.76,15.15,14.62,14.74,14.98,-1.6021,48293.12,71852.929
300551.SZ,20250225,9.94,11.7,9.7,10.88,9.97,9.1274,620994.74,679648.204
300552.SZ,20250225,34.98,36.91,34.9,36.31,35.25,3.0071,152896.74,553494.298
300553.SZ,20250225,37.77,39.77,37.19,39.04,38.02,2.6828,58867.7,228188.569
300554.SZ,20250225,22.0,25.89,21.82,24.38,22.06,10.5168,123683.65,293153.765
300555.SZ,20250225,8.8,8.8,8.63,8.68,8.86,-2.0316,40143.0,34954.623
300556.SZ,20250225,21.6,21.88,21.3,21.5,21.98,-2.1838,83954.85,181507.206
300557.SZ,20250225,38.7,39.77,38.22,38.91,39.9,-2.4812,59957.71,233856.611
300558.SZ,20250225,51.5,53.35,50.83,52.35,51.38,1.8879,57505.0,300671.3
300559.SZ,20250225,13.27,13.41,13.06,13.14,13.53,-2.8825,119891.0,158566.155
300560.SZ,20250225,14.66,15.07,14.54,14.83,14.89,-0.403,74769.0,110801.386
300561.SZ,20250225,47.94,49.09,46.57,46.81,48.57,-3.6236,213870.29,1015914.51
300562.SZ,20250225,17.19,17.57,16.89,17.07,17.53,-2.6241,217636.7,374732.102
300563.SZ,20250225,47.3,49.0,47.28,47.96,48.74,-1.6003,104515.73,502595.425
300564.SZ,20250225,12.52,12.61,12.21,12.26,12.65,-3.083,39689.2,49065.679
300565.SZ,20250225,12.3,12.68,12.1,12.44,12.55,-0.8765,114108.44,141276.45
300566.SZ,20250225,22.01,23.48,21.98,23.0,22.6,1.7699,349481.32,798363.368
300567.SZ,20250225,65.04,69.2,65.04,68.32,66.61,2.5672,105034.87,710662.324
300568.SZ,20250225,11.48,11.85,11.3,11.64,11.5,1.2174,732463.86,847868.284
300569.SZ,20250225,4.72,4.84,4.7,4.76,4.78,-0.4184,134190.42,64003.21
300570.SZ,20250225,108.59,113.44,108.38,111.0,112.69,-1.4997,108433.4,1202477.169
300571.SZ,20250225,36.0,37.39,34.85,36.68,37.8,-2.963,190884.0,689199.107
300572.SZ,20250225,18.48,18.98,18.14,18.69,18.75,-0.32,52239.91,97264.022
300573.SZ,20250225,71.75,72.25,70.7,71.15,72.47,-1.8214,51575.21,368120.042
300575.SZ,20250225,6.14,6.18,6.05,6.11,6.18,-1.1327,54655.37,33479.412
300576.SZ,20250225,47.38,50.98,47.35,49.15,48.31,1.7388,196219.31,968394.913
300577.SZ,20250225,22.65,22.68,22.26,22.39,22.9,-2.2271,21559.18,48299.333
300578.SZ,20250225,21.78,22.58,21.7,22.26,22.21,0.2251,91550.0,203577.93
300579.SZ,20250225,30.9,32.08,30.78,31.38,31.73,-1.1031,77094.87,241779.321
300580.SZ,20250225,33.1,34.7,32.9,33.69,34.49,-2.3195,350769.55,1186062.261
300581.SZ,20250225,10.85,11.08,10.71,10.91,11.05,-1.267,176620.44,193527.628
300582.SZ,20250225,15.81,16.28,15.66,15.83,16.14,-1.9207,137058.34,218044.691
300583.SZ,20250225,26.0,26.22,24.98,25.5,26.9,-5.2045,100313.33,255970.678
300584.SZ,20250225,20.03,20.27,19.88,19.92,20.22,-1.4837,16491.0,32989.262
300585.SZ,20250225,17.3,17.75,17.2,17.63,17.55,0.4558,60718.0,106466.068
300586.SZ,20250225,8.5,9.08,8.49,8.74,8.58,1.8648,253227.77,223656.802
300587.SZ,20250225,4.36,4.48,4.31,4.45,4.38,1.5982,180076.27,79575.241
300588.SZ,20250225,15.25,16.0,15.2,15.67,15.62,0.3201,107080.39,167645.368
300589.SZ,20250225,12.2,12.29,12.04,12.1,12.26,-1.3051,32509.02,39515.111
300590.SZ,20250225,16.34,17.97,16.26,17.61,16.66,5.7023,531501.4,921973.792
300591.SZ,20250225,4.27,4.37,4.22,4.27,4.29,-0.4662,128182.5,55080.353
300592.SZ,20250225,12.65,12.93,12.5,12.72,12.78,-0.4695,106809.07,136151.875
300593.SZ,20250225,13.51,14.23,13.5,13.8,14.03,-1.6393,317006.1,440899.392
300594.SZ,20250225,18.58,19.08,18.27,18.63,18.97,-1.7923,54414.0,101812.406
300595.SZ,20250225,17.01,17.06,16.76,16.84,17.17,-1.922,100233.36,169486.971
300596.SZ,20250225,32.11,32.36,31.66,31.85,32.52,-2.0603,80026.88,256397.78
300597.SZ,20250225,9.42,9.73,9.42,9.57,9.65,-0.829,80964.43,77578.127
300598.SZ,20250225,51.9,56.42,51.38,54.5,52.74,3.3371,273029.91,1490449.314
300599.SZ,20250225,7.18,7.4,7.15,7.27,7.26,0.1377,44384.0,32322.875
300600.SZ,20250225,7.28,7.51,7.22,7.35,7.3,0.6849,33903.36,25076.22
300601.SZ,20250225,15.45,15.55,15.35,15.38,15.59,-1.347,96475.02,148900.807
300602.SZ,20250225,23.3,24.88,23.0,24.09,24.0,0.375,487268.58,1162011.663
300603.SZ,20250225,13.6,14.17,13.45,13.8,14.34,-3.7657,601893.87,828649.023
300604.SZ,20250225,46.25,48.74,46.01,47.88,46.86,2.1767,430868.7,2055785.075
300605.SZ,20250225,13.83,14.24,13.78,14.03,14.14,-0.7779,40672.74,57091.614
300606.SZ,20250225,19.51,21.69,19.39,21.15,19.78,6.9262,159898.21,332179.061
300607.SZ,20250225,35.55,43.5,35.5,39.99,37.24,7.3845,1193452.37,4863015.077
300608.SZ,20250225,13.6,14.1,13.43,13.77,13.96,-1.361,193774.37,266575.102
300609.SZ,20250225,26.76,27.39,26.56,26.93,27.25,-1.1743,37676.9,101621.296
300610.SZ,20250225,10.42,10.56,10.31,10.39,10.56,-1.6098,67512.2,70182.471
300611.SZ,20250225,14.18,14.97,14.08,14.58,14.17,2.8934,183682.42,267366.375
300612.SZ,20250225,16.99,17.39,16.87,17.08,17.36,-1.6129,82894.54,141767.015
300613.SZ,20250225,63.21,67.27,63.03,65.02,64.48,0.8375,129997.65,846860.035
300614.SZ,20250225,11.18,11.4,11.1,11.19,11.35,-1.4097,25359.0,28540.909
300615.SZ,20250225,13.51,13.91,13.39,13.62,13.64,-0.1466,140334.4,192267.003
300616.SZ,20250225,13.28,13.45,13.2,13.27,13.48,-1.5579,48188.0,64187.708
300617.SZ,20250225,31.5,35.99,31.44,34.08,32.06,6.3007,146155.08,494459.001
300618.SZ,20250225,36.5,40.6,36.43,37.65,34.85,8.0344,369938.74,1423116.748
300619.SZ,20250225,24.53,25.16,24.52,24.87,24.97,-0.4005,18952.8,47252.998
300620.SZ,20250225,53.0,53.83,52.0,52.9,54.51,-2.9536,164913.26,872550.078
300621.SZ,20250225,9.33,9.46,9.2,9.24,9.39,-1.5974,51151.0,47531.692
300622.SZ,20250225,52.49,59.5,52.13,56.36,54.28,3.832,413387.37,2303923.082
300623.SZ,20250225,36.07,36.86,35.75,35.91,36.74,-2.2591,316450.07,1146298.184
300624.SZ,20250225,76.81,80.22,76.0,77.29,79.02,-2.1893,168970.3,1311264.395
300625.SZ,20250225,11.65,11.77,11.56,11.69,11.72,-0.256,16181.0,18918.048
300626.SZ,20250225,10.22,10.35,10.15,10.25,10.4,-1.4423,81472.4,83531.781
300627.SZ,20250225,43.81,46.65,43.73,45.89,44.58,2.9385,149801.59,686565.431
300628.SZ,20250225,40.39,40.7,40.0,40.44,40.76,-0.7851,62550.18,252491.484
300629.SZ,20250225,21.65,22.0,21.46,21.71,21.92,-0.958,81348.92,176672.087
300630.SZ,20250225,2.49,2.66,2.48,2.53,2.46,2.8455,367556.04,94498.355
300631.SZ,20250225,22.41,22.66,22.31,22.39,22.59,-0.8853,20506.0,45970.018
300632.SZ,20250225,14.63,15.13,14.51,14.81,15.03,-1.4637,124015.7,184260.904
300633.SZ,20250225,30.13,30.15,29.14,29.24,30.43,-3.9106,75816.38,224338.285
300634.SZ,20250225,30.31,31.25,30.13,30.55,31.26,-2.2713,284240.0,870934.253
300635.SZ,20250225,10.02,10.37,10.02,10.24,10.28,-0.3891,42703.2,43615.761
300636.SZ,20250225,7.83,7.9,7.77,7.8,7.92,-1.5152,42297.12,33089.004
300637.SZ,20250225,9.87,10.54,9.82,10.25,10.04,2.0916,158375.05,162104.66
300638.SZ,20250225,35.88,39.18,35.88,37.17,36.73,1.1979,960198.75,3584594.871
300639.SZ,20250225,6.22,6.27,6.14,6.21,6.27,-0.9569,74264.05,46021.579
300640.SZ,20250225,5.96,6.02,5.86,5.89,6.03,-2.3217,116029.4,68874.822
300641.SZ,20250225,25.51,25.72,25.17,25.27,25.7,-1.6732,156623.78,397277.872
300642.SZ,20250225,15.03,15.3,14.87,15.1,15.17,-0.4614,52551.89,79289.653
300643.SZ,20250225,13.21,13.43,13.14,13.3,13.34,-0.2999,42286.0,56266.748
300644.SZ,20250225,24.68,25.37,24.5,24.85,25.08,-0.9171,61861.42,154463.439
300645.SZ,20250225,16.88,17.28,16.82,17.01,17.28,-1.5625,56410.3,96239.023
300647.SZ,20250225,6.46,6.78,6.4,6.72,6.56,2.439,339900.71,226365.83
300648.SZ,20250225,28.07,28.5,27.31,27.7,28.74,-3.6186,108250.99,300535.634
300649.SZ,20250225,12.6,12.73,12.07,12.12,12.24,-0.9804,61411.12,76265.435
300650.SZ,20250225,12.34,12.6,12.25,12.36,12.46,-0.8026,76270.5,94594.927
300651.SZ,20250225,13.58,13.88,13.4,13.5,13.81,-2.2448,36312.0,49265.958
300652.SZ,20250225,42.55,43.46,41.39,42.99,43.51,-1.1951,62342.28,264951.396
300653.SZ,20250225,21.29,21.44,21.07,21.11,21.46,-1.6309,20029.17,42516.049
300654.SZ,20250225,11.97,12.28,11.65,11.92,12.21,-2.3751,235240.41,281176.835
300655.SZ,20250225,9.03,9.47,9.03,9.3,9.21,0.9772,394845.36,366799.239
300656.SZ,20250225,24.62,25.7,24.28,25.34,24.69,2.6326,45027.55,113051.531
300657.SZ,20250225,38.78,40.63,38.03,38.96,40.44,-3.6597,932305.17,3667052.167
300658.SZ,20250225,5.68,5.73,5.6,5.65,5.72,-1.2238,45105.2,25516.018
300659.SZ,20250225,17.7,18.55,17.51,18.01,17.9,0.6145,88000.35,159041.491
300660.SZ,20250225,68.48,72.88,68.48,71.37,71.05,0.4504,298206.47,2110869.35
300661.SZ,20250225,94.45,98.55,94.4,95.98,96.26,-0.2909,104713.96,1008801.119
300662.SZ,20250225,24.51,24.77,23.93,24.3,25.04,-2.9553,55810.17,135458.48
300663.SZ,20250225,18.65,19.47,18.5,18.92,19.05,-0.6824,300035.83,569612.814
300664.SZ,20250225,5.16,5.2,5.12,5.15,5.2,-0.9615,89993.0,46407.288
300665.SZ,20250225,7.15,7.21,7.1,7.14,7.18,-0.5571,40856.0,29213.064
300666.SZ,20250225,75.32,77.77,74.48,75.65,76.49,-1.0982,89082.92,675691.075
300667.SZ,20250225,17.57,18.0,17.38,17.63,17.67,-0.2264,64100.5,113798.544
300668.SZ,20250225,18.49,18.63,18.27,18.39,18.6,-1.129,15199.5,27981.012
300669.SZ,20250225,21.02,21.27,20.75,21.03,21.01,0.0952,12863.93,27029.623
300670.SZ,20250225,6.2,6.3,6.17,6.24,6.26,-0.3195,45685.0,28531.477
300671.SZ,20250225,35.8,37.73,35.62,36.84,36.49,0.9592,117638.18,435104.724
300672.SZ,20250225,82.74,84.74,81.0,82.73,84.66,-2.2797,120533.41,998995.905
300673.SZ,20250225,17.21,17.29,16.88,16.93,17.36,-2.477,51522.48,87706.646
300674.SZ,20250225,27.55,29.11,27.55,28.01,28.83,-2.8443,610458.82,1724658.713
300675.SZ,20250225,15.36,15.97,15.19,15.72,15.56,1.0283,91672.53,142565.681
300676.SZ,20250225,61.2,65.39,60.75,64.63,62.42,3.5405,189684.07,1209042.104
300677.SZ,20250225,25.2,25.24,24.68,24.75,25.32,-2.2512,121349.78,303020.396
300678.SZ,20250225,38.6,40.0,38.18,38.88,39.51,-1.5945,174833.25,679988.451
300679.SZ,20250225,63.85,66.5,63.66,65.13,65.13,0.0,51298.1,335194.662
300680.SZ,20250225,38.11,41.96,37.81,40.22,39.58,1.617,204917.21,814428.03
300681.SZ,20250225,38.98,41.89,38.98,41.41,39.9,3.7845,270786.62,1101566.706
300682.SZ,20250225,13.66,14.18,13.5,13.92,13.87,0.3605,295329.05,408758.248
300683.SZ,20250225,22.9,23.14,22.67,22.87,23.05,-0.7809,12836.0,29353.491
300684.SZ,20250225,28.27,30.0,27.9,29.18,29.09,0.3094,266929.95,773083.895
300685.SZ,20250225,24.94,25.15,24.25,24.4,25.33,-3.6715,131794.67,324951.719
300686.SZ,20250225,9.36,9.6,9.23,9.5,9.39,1.1715,85683.0,81285.882
300687.SZ,20250225,23.13,24.0,23.06,23.56,23.93,-1.5462,145938.34,343103.614
300688.SZ,20250225,33.0,34.32,32.8,33.28,34.2,-2.6901,147949.6,495513.938
300689.SZ,20250225,35.0,35.2,34.2,34.7,35.3,-1.6997,15200.4,52653.002
300690.SZ,20250225,23.86,25.08,23.68,24.91,24.29,2.5525,146674.2,361731.576
300691.SZ,20250225,22.56,23.16,22.3,22.74,22.81,-0.3069,146941.0,334093.566
300692.SZ,20250225,5.89,5.91,5.81,5.83,5.9,-1.1864,56850.6,33254.108
300693.SZ,20250225,37.6,38.99,37.0,37.98,39.6,-4.0909,193598.83,735986.814
300694.SZ,20250225,16.41,16.96,16.32,16.38,16.8,-2.5,128608.2,213351.304
300695.SZ,20250225,56.39,57.87,55.21,57.36,57.5,-0.2435,14271.43,80680.851
300696.SZ,20250225,15.12,15.5,15.08,15.38,15.33,0.3262,35665.98,54755.01
300697.SZ,20250225,16.0,16.58,15.96,16.13,16.36,-1.4059,128627.6,208437.175
300698.SZ,20250225,42.29,44.39,42.29,43.48,44.18,-1.5844,59969.03,260345.921
300699.SZ,20250225,32.83,33.43,32.63,33.03,33.26,-0.6915,160919.79,530852.766
300700.SZ,20250225,8.49,8.89,8.42,8.73,8.61,1.3937,94830.52,82127.827
300701.SZ,20250225,11.53,11.73,11.45,11.59,11.84,-2.1115,152428.75,176663.49
300702.SZ,20250225,18.14,18.18,17.82,17.95,18.13,-0.9928,15821.14,28469.791
300703.SZ,20250225,15.36,15.67,15.2,15.27,15.48,-1.3566,69268.8,106828.778
300705.SZ,20250225,16.46,16.65,16.31,16.42,16.57,-0.9053,178463.87,294529.677
300706.SZ,20250225,23.57,24.23,23.5,24.0,23.9,0.4184,47828.6,114666.335
300707.SZ,20250225,15.3,15.87,15.29,15.69,15.61,0.5125,111107.33,174625.626
300708.SZ,20250225,13.39,13.87,13.23,13.58,13.55,0.2214,336261.05,456077.498
300709.SZ,20250225,44.61,47.59,43.92,46.1,45.6,1.0965,217829.17,999867.944
300710.SZ,20250225,18.3,18.57,18.11,18.44,18.45,-0.0542,28988.3,53195.6
300711.SZ,20250225,24.8,25.28,24.66,24.89,25.39,-1.9693,86222.24,215250.863
300712.SZ,20250225,25.43,25.44,24.97,25.07,25.66,-2.2993,30400.4,76351.75
300713.SZ,20250225,16.71,17.41,16.54,16.98,16.87,0.652,65392.0,111306.285
300715.SZ,20250225,9.2,9.38,9.15,9.23,9.31,-0.8593,50069.64,46300.421
300716.SZ,20250225,11.72,12.05,11.72,11.87,11.93,-0.5029,31890.0,37981.243
300717.SZ,20250225,15.14,15.2,14.99,15.08,15.24,-1.0499,13582.0,20485.673
300718.SZ,20250225,95.8,115.0,94.98,107.5,101.1,6.3304,460742.35,4864460.212
300719.SZ,20250225,19.25,19.66,19.04,19.32,19.82,-2.5227,105384.5,204148.759
300720.SZ,20250225,20.72,21.78,20.3,21.09,20.78,1.4918,91876.9,193891.893
300721.SZ,20250225,12.81,13.4,12.75,12.99,12.94,0.3864,65995.0,86278.711
300722.SZ,20250225,27.66,27.99,27.42,27.58,27.93,-1.2531,43902.51,121623.28
300723.SZ,20250225,19.27,19.66,18.89,19.13,19.66,-2.6958,78861.5,151580.823
300724.SZ,20250225,65.1,66.59,64.91,65.66,65.94,-0.4246,120048.04,792211.759
300725.SZ,20250225,40.48,41.57,40.27,40.92,41.2,-0.6796,86981.43,356902.099
300726.SZ,20250225,30.81,31.17,30.6,30.69,31.17,-1.5399,41879.92,129192.119
300727.SZ,20250225,41.23,42.43,40.8,41.57,42.52,-2.2342,79777.58,331290.52
300729.SZ,20250225,17.18,17.3,16.97,17.19,17.42,-1.3203,80504.34,137876.015
300730.SZ,20250225,13.75,14.07,13.58,13.83,14.04,-1.4957,103913.25,143829.354
300731.SZ,20250225,24.62,25.1,24.12,24.71,25.29,-2.2934,103844.0,255445.531
300732.SZ,20250225,6.82,6.9,6.75,6.85,6.89,-0.5806,69589.48,47458.568
300733.SZ,20250225,16.11,16.47,15.74,16.12,16.4,-1.7073,107271.6,172434.211
300735.SZ,20250225,34.96,38.39,34.66,36.39,35.6,2.2191,925574.56,3410257.854
300736.SZ,20250225,10.1,10.42,10.05,10.2,10.28,-0.7782,47402.2,48650.514
300737.SZ,20250225,4.87,4.88,4.77,4.82,4.89,-1.4315,139735.01,67473.187
300738.SZ,20250225,21.0,24.48,20.9,23.1,22.2,4.0541,2299217.5,5252850.966
300739.SZ,20250225,14.82,15.38,14.78,15.21,15.09,0.7952,181525.4,275056.69
300740.SZ,20250225,11.88,12.05,11.82,11.85,12.0,-1.25,52568.25,62639.472
300741.SZ,20250225,15.49,15.55,15.37,15.46,15.57,-0.7065,11613.0,17963.262
300743.SZ,20250225,16.96,17.09,16.55,16.93,17.0,-0.4118,34610.67,58454.632
300745.SZ,20250225,18.18,18.87,18.18,18.67,18.46,1.1376,49999.0,93014.637
300746.SZ,20250225,11.55,11.6,11.34,11.43,11.7,-2.3077,74154.0,84908.852
300747.SZ,20250225,20.15,20.71,20.05,20.47,20.4,0.3431,117110.47,239273.069
300748.SZ,20250225,22.31,23.13,22.26,22.42,23.07,-2.8175,547150.42,1236366.682
300749.SZ,20250225,6.91,6.98,6.84,6.87,7.0,-1.8571,69134.28,47687.303
300750.SZ,20250225,267.48,274.0,264.51,269.48,271.5,-0.744,232093.75,6243748.571
300751.SZ,20250225,93.5,102.25,92.86,99.53,93.82,6.0861,100588.79,987006.161
300752.SZ,20250225,20.23,20.91,20.12,20.75,20.6,0.7282,78976.15,162721.053
300753.SZ,20250225,21.08,22.25,20.77,22.09,21.53,2.601,138463.79,299490.188
300755.SZ,20250225,18.66,18.71,18.31,18.41,18.72,-1.656,43245.46,80070.265
300756.SZ,20250225,16.94,18.12,16.72,17.73,17.01,4.2328,86165.73,150542.729
300757.SZ,20250225,197.72,211.0,192.5,208.1,201.43,3.3113,84980.98,1714372.477
300758.SZ,20250225,12.82,13.1,12.78,12.92,12.95,-0.2317,117262.54,151507.12
300759.SZ,20250225,27.89,28.17,27.45,27.66,28.41,-2.6399,283147.6,787222.652
300760.SZ,20250225,257.0,260.76,254.5,254.5,260.37,-2.2545,51005.21,1308833.591
300761.SZ,20250225,18.14,18.14,17.65,17.71,18.2,-2.6923,102372.26,182355.812
300762.SZ,20250225,23.35,23.99,23.33,23.44,23.82,-1.5953,286227.48,676291.372
300763.SZ,20250225,51.57,52.98,51.45,52.23,52.14,0.1726,109136.49,571837.389
300765.SZ,20250225,29.41,30.4,28.78,29.72,29.61,0.3715,73297.45,217571.882
300766.SZ,20250225,50.14,54.71,49.56,52.65,51.4,2.4319,927555.78,4867247.241
300767.SZ,20250225,10.12,10.61,10.11,10.25,10.25,0.0,79262.86,81523.095
300768.SZ,20250225,20.8,21.62,20.73,21.27,21.62,-1.6189,108635.0,230571.66
300769.SZ,20250225,35.88,36.86,35.71,36.36,36.4,-0.1099,97459.48,354907.646
300770.SZ,20250225,39.58,39.95,39.01,39.26,40.16,-2.241,29525.8,116152.031
300771.SZ,20250225,11.37,11.55,11.25,11.47,11.44,0.2622,54002.0,61881.856
300772.SZ,20250225,12.45,12.97,12.21,12.71,12.53,1.4366,158357.52,200323.806
300773.SZ,20250225,18.5,18.82,18.29,18.41,18.89,-2.541,195380.68,361886.133
300774.SZ,20250225,9.09,9.2,9.08,9.08,9.2,-1.3043,22862.0,20849.191
300775.SZ,20250225,22.98,23.11,22.83,22.88,23.12,-1.0381,60901.05,139904.586
300776.SZ,20250225,63.45,64.98,63.02,64.07,64.03,0.0625,68300.97,438697.594
300777.SZ,20250225,31.7,32.39,31.57,31.9,32.24,-1.0546,107804.17,344074.761
300778.SZ,20250225,10.8,10.81,10.63,10.7,10.93,-2.1043,43822.91,46992.345
300779.SZ,20250225,120.0,122.13,118.18,121.0,121.5,-0.4115,25457.4,305874.814
300780.SZ,20250225,16.57,17.65,16.48,16.52,16.35,1.0398,183385.0,311274.456
300781.SZ,20250225,62.81,64.28,62.3,63.16,65.02,-2.8607,49306.57,311704.826
300782.SZ,20250225,90.02,92.55,89.7,90.83,91.37,-0.591,117495.56,1070467.632
300783.SZ,20250225,27.48,28.31,27.31,27.42,27.63,-0.76,162402.57,450373.968
300784.SZ,20250225,57.43,58.59,56.22,58.08,57.51,0.9911,9798.0,56691.014
300785.SZ,20250225,37.0,37.91,36.78,37.0,37.96,-2.529,96057.33,358020.691
300786.SZ,20250225,14.7,15.55,14.55,15.15,14.91,1.6097,137735.8,208347.581
300787.SZ,20250225,13.52,13.84,13.4,13.64,13.81,-1.231,54601.36,74625.313
300788.SZ,20250225,34.0,34.26,33.5,33.79,34.67,-2.5382,53385.0,180800.875
300789.SZ,20250225,18.14,18.59,17.93,18.26,18.43,-0.9224,41644.6,76081.111
300790.SZ,20250225,27.13,28.59,27.11,27.77,27.82,-0.1797,376626.67,1052654.704
300791.SZ,20250225,26.88,27.65,26.45,27.32,27.04,1.0355,46693.39,126576.602
300792.SZ,20250225,28.42,28.6,27.94,28.27,29.1,-2.8522,134503.89,380602.948
300793.SZ,20250225,19.26,20.78,19.02,20.4,19.68,3.6585,501278.55,1008959.707
300795.SZ,20250225,24.9,25.77,24.74,25.1,25.82,-2.7885,144434.04,363317.278
300796.SZ,20250225,10.61,10.77,10.41,10.52,10.7,-1.6822,73197.24,77439.907
300797.SZ,20250225,12.24,12.65,12.19,12.5,12.37,1.0509,68616.98,85653.389
300798.SZ,20250225,7.0,7.09,6.93,6.97,7.09,-1.6925,132112.0,92424.338
300800.SZ,20250225,10.74,10.87,10.62,10.7,10.79,-0.8341,20428.0,21942.261
300801.SZ,20250225,16.6,16.72,16.47,16.55,16.76,-1.253,24066.0,39942.24
300802.SZ,20250225,19.1,19.66,18.95,19.31,19.4,-0.4639,54089.44,104632.871
300803.SZ,20250225,95.05,96.04,92.63,92.9,97.07,-4.2959,180548.84,1703886.026
300804.SZ,20250225,24.35,24.52,24.18,24.31,24.56,-1.0179,6310.46,15358.658
300805.SZ,20250225,11.61,11.9,11.36,11.61,11.7,-0.7692,125231.08,145778.743
300806.SZ,20250225,22.13,22.5,20.7,21.1,21.98,-4.0036,252681.83,545475.385
300807.SZ,20250225,38.1,39.95,37.77,39.5,38.76,1.9092,60996.06,239022.91
300808.SZ,20250225,28.25,28.38,27.0,27.04,28.57,-5.3553,33654.36,92409.604
300809.SZ,20250225,38.2,40.28,38.18,39.85,39.47,0.9628,97007.89,381408.095
300810.SZ,20250225,20.67,21.33,20.36,21.09,20.99,0.4764,15840.09,33348.75
300811.SZ,20250225,52.5,52.82,51.2,51.88,53.16,-2.4078,64437.99,334185.416
300812.SZ,20250225,21.19,21.78,21.11,21.55,21.48,0.3259,43070.0,92837.321
300813.SZ,20250225,18.64,18.89,18.45,18.74,18.72,0.1068,17269.27,32294.175
300814.SZ,20250225,38.41,44.82,38.3,43.19,39.87,8.3271,182270.03,761734.448
300815.SZ,20250225,16.9,17.01,16.55,16.59,16.9,-1.8343,87199.73,145788.147
300816.SZ,20250225,33.38,33.94,33.05,33.3,34.01,-2.0876,48605.41,162977.636
300817.SZ,20250225,26.11,27.49,25.62,26.11,27.75,-5.9099,304026.94,796755.009
300818.SZ,20250225,25.1,25.66,24.68,24.77,25.85,-4.1779,57273.88,143234.056
300819.SZ,20250225,14.56,15.36,14.46,14.81,14.7,0.7483,63298.5,94832.054
300820.SZ,20250225,49.88,51.28,49.46,50.31,50.51,-0.396,37177.88,187399.042
300821.SZ,20250225,8.81,8.92,8.65,8.69,8.83,-1.5855,169453.38,148041.367
300822.SZ,20250225,23.19,23.99,23.0,23.18,23.61,-1.8213,80584.27,188954.059
300823.SZ,20250225,15.88,16.2,15.5,16.03,16.57,-3.2589,146304.9,232042.113
300824.SZ,20250225,8.94,9.1,8.87,8.98,9.07,-0.9923,45964.0,41349.811
300825.SZ,20250225,12.25,12.64,12.18,12.41,12.45,-0.3213,186226.97,232013.293
300826.SZ,20250225,16.8,16.88,16.28,16.36,16.96,-3.5377,51519.0,85127.121
300827.SZ,20250225,34.0,34.58,33.8,34.25,34.35,-0.2911,116933.56,399865.119
300828.SZ,20250225,16.12,16.35,16.01,16.29,16.3,-0.0613,54522.5,88507.377
300829.SZ,20250225,17.21,18.48,17.06,17.83,17.51,1.8275,72002.25,127820.187
300830.SZ,20250225,9.3,9.63,9.2,9.39,9.48,-0.9494,139105.0,130414.125
300831.SZ,20250225,15.34,15.69,15.26,15.5,15.55,-0.3215,95429.4,148186.574
300832.SZ,20250225,61.92,62.54,61.5,61.83,62.2,-0.5949,28281.28,175265.917
300833.SZ,20250225,42.0,42.22,41.55,41.65,42.23,-1.3734,9057.0,37947.56
300834.SZ,20250225,19.75,19.91,19.71,19.8,19.86,-0.3021,5259.76,10433.31
300835.SZ,20250225,43.19,44.3,42.37,42.87,43.94,-2.4351,47464.85,204756.067
300836.SZ,20250225,48.16,49.66,48.01,48.35,48.8,-0.9221,11266.0,54967.417
300837.SZ,20250225,21.3,22.2,21.3,21.76,21.67,0.4153,18256.06,39769.204
300838.SZ,20250225,15.53,15.75,15.35,15.53,15.65,-0.7668,33309.0,51839.806
300839.SZ,20250225,7.91,8.14,7.89,7.93,8.03,-1.2453,93111.86,74222.556
300840.SZ,20250225,23.16,23.54,22.81,22.83,23.71,-3.7115,199832.0,461119.175
300841.SZ,20250225,54.0,54.49,53.6,54.2,54.57,-0.678,19032.66,102845.047
300842.SZ,20250225,50.0,52.55,49.92,50.3,51.24,-1.8345,106373.33,543313.188
300843.SZ,20250225,35.48,36.88,35.2,36.09,36.37,-0.7699,105247.6,377939.137
300844.SZ,20250225,33.43,33.46,32.84,32.9,33.85,-2.8065,11751.0,38902.892
300845.SZ,20250225,13.9,14.18,13.72,14.0,14.01,-0.0714,41486.92,57959.607
300846.SZ,20250225,24.43,27.52,24.43,27.49,25.62,7.299,1435679.14,3802693.552
300847.SZ,20250225,17.0,17.33,16.89,17.14,17.2,-0.3488,52087.1,89367.88
300848.SZ,20250225,17.79,18.3,17.6,18.09,18.01,0.4442,45228.85,81745.498
300849.SZ,20250225,13.98,14.05,13.77,13.85,14.03,-1.283,27785.0,38642.829
300850.SZ,20250225,24.4,26.21,24.0,25.75,24.59,4.7174,179360.75,454967.256
300851.SZ,20250225,27.86,28.04,27.63,27.9,28.04,-0.4993,5893.0,16415.342
300852.SZ,20250225,36.23,36.66,35.72,36.0,37.05,-2.834,64609.4,233841.554
300853.SZ,20250225,30.94,35.48,30.5,33.9,30.78,10.1365,261681.71,861379.84
300854.SZ,20250225,13.38,13.49,13.25,13.35,13.49,-1.0378,12953.66,17290.995
300855.SZ,20250225,22.05,22.3,21.94,22.07,22.24,-0.7644,41534.2,91852.478
300856.SZ,20250225,24.19,24.26,23.94,24.04,24.35,-1.2731,44733.03,107670.717
300857.SZ,20250225,116.62,117.98,111.5,112.72,119.0,-5.2773,192506.07,2195073.173
300858.SZ,20250225,12.88,12.93,12.71,12.75,12.98,-1.772,40336.47,51668.14
300859.SZ,20250225,34.1,34.58,33.61,33.68,34.39,-2.0646,42035.13,142973.57
300860.SZ,20250225,27.5,27.7,27.09,27.22,27.86,-2.2972,34076.84,93287.793
300861.SZ,20250225,19.66,19.98,19.55,19.77,19.8,-0.1515,35295.92,69861.431
300862.SZ,20250225,27.62,29.14,27.36,28.61,27.86,2.692,83114.2,236623.84
300863.SZ,20250225,45.2,46.2,45.0,45.54,45.74,-0.4373,39597.89,180499.24
300864.SZ,20250225,20.95,21.75,20.87,21.5,21.13,1.7511,24033.41,51385.581
300865.SZ,20250225,25.4,26.0,25.03,25.26,25.76,-1.941,27894.0,70740.471
300866.SZ,20250225,121.53,121.53,116.08,116.89,119.0,-1.7731,22734.2,267827.29
300867.SZ,20250225,13.26,13.38,13.13,13.26,13.34,-0.5997,27276.79,36263.353
300868.SZ,20250225,32.68,33.97,31.6,32.71,33.44,-2.183,80810.43,266019.098
300869.SZ,20250225,14.2,14.34,14.11,14.26,14.39,-0.9034,35215.0,50175.16
300870.SZ,20250225,160.0,166.32,153.62,163.16,166.88,-2.2291,68176.01,1083095.304
300871.SZ,20250225,11.25,11.31,11.09,11.15,11.25,-0.8889,18474.0,20676.667
300872.SZ,20250225,18.28,19.0,18.12,18.5,18.81,-1.6481,265968.18,494422.791
300873.SZ,20250225,20.67,22.74,20.65,21.46,22.1,-2.8959,243491.09,528223.708
300875.SZ,20250225,28.92,29.8,28.69,29.46,29.38,0.2723,32226.0,94637.646
300876.SZ,20250225,29.0,29.27,27.69,27.91,29.29,-4.7115,31598.27,89937.203
300877.SZ,20250225,14.35,14.56,14.24,14.28,14.45,-1.1765,9401.0,13482.63
300878.SZ,20250225,14.89,15.15,14.85,14.95,15.06,-0.7304,11285.4,16912.454
300879.SZ,20250225,17.11,17.71,16.82,17.21,17.29,-0.4627,113085.13,194912.341
300880.SZ,20250225,23.05,23.25,22.88,23.02,23.32,-1.2864,38749.0,89341.937
300881.SZ,20250225,30.95,31.1,30.58,30.83,31.17,-1.0908,14743.0,45426.74
300882.SZ,20250225,15.82,16.02,15.71,15.84,15.99,-0.9381,31756.68,50452.691
300883.SZ,20250225,5.75,5.84,5.63,5.69,5.76,-1.2153,80404.76,45894.483
300884.SZ,20250225,12.06,12.32,11.99,12.07,12.25,-1.4694,76864.8,93123.512
300885.SZ,20250225,12.44,12.84,12.36,12.63,12.61,0.1586,75876.15,95875.185
300886.SZ,20250225,20.66,20.83,20.32,20.47,20.93,-2.1978,12345.71,25402.784
300887.SZ,20250225,8.03,8.22,7.95,8.12,8.1,0.2469,91183.48,74014.035
300888.SZ,20250225,36.99,37.1,35.63,35.8,37.26,-3.9184,57201.8,207107.381
300889.SZ,20250225,14.95,15.35,14.87,15.18,15.1,0.5298,21156.0,32012.907
300890.SZ,20250225,32.0,33.35,31.81,32.88,32.4,1.4815,91149.79,299989.474
300891.SZ,20250225,8.45,9.15,8.45,8.68,8.57,1.2835,111709.65,98165.631
300892.SZ,20250225,30.43,31.76,30.3,30.94,31.25,-0.992,32354.0,100021.099
300893.SZ,20250225,33.03,34.08,33.03,33.58,33.52,0.179,11533.25,38688.99
300894.SZ,20250225,15.2,15.38,15.04,15.21,15.48,-1.7442,120215.07,183223.791
300895.SZ,20250225,43.99,57.14,43.99,53.27,47.62,11.8648,330146.52,1713032.016
300896.SZ,20250225,175.0,176.19,172.9,173.04,176.96,-2.2152,30676.08,535562.284
300897.SZ,20250225,27.26,27.65,26.4,26.73,27.95,-4.3649,35108.31,95097.355
300898.SZ,20250225,26.54,28.39,26.35,26.7,26.94,-0.8909,119238.25,322530.782
300899.SZ,20250225,22.81,23.25,22.73,22.95,23.19,-1.0349,10371.7,23804.382
300900.SZ,20250225,21.14,21.93,21.14,21.59,21.54,0.2321,95951.68,207576.094
300901.SZ,20250225,11.24,11.59,11.05,11.05,11.32,-2.3852,98692.0,111705.161
300902.SZ,20250225,18.0,18.35,17.92,18.21,18.2,0.0549,39768.4,72313.139
300903.SZ,20250225,8.68,8.86,8.6,8.71,8.76,-0.5708,135918.0,118986.373
300904.SZ,20250225,55.5,59.2,55.5,57.6,56.77,1.462,21542.26,123818.207
300905.SZ,20250225,29.18,30.1,29.06,29.15,30.29,-3.7636,86536.0,254617.146
300906.SZ,20250225,25.03,25.19,24.7,24.93,25.03,-0.3995,10360.0,25823.704
300907.SZ,20250225,22.69,22.96,22.55,22.75,22.98,-1.0009,16388.0,37277.729
300908.SZ,20250225,30.01,30.59,29.89,29.96,30.39,-1.4149,11341.49,34081.974
300909.SZ,20250225,26.92,27.99,26.8,27.53,27.36,0.6213,38856.55,106566.006
300910.SZ,20250225,51.62,51.84,50.81,51.24,52.15,-1.745,15811.82,80838.145
300911.SZ,20250225,45.59,48.8,45.59,46.64,48.2,-3.2365,89380.95,420052.835
300912.SZ,20250225,13.53,13.89,13.4,13.52,13.76,-1.7442,30625.0,41494.287
300913.SZ,20250225,59.3,64.28,57.52,60.57,61.49,-1.4962,170248.22,1021246.28
300915.SZ,20250225,32.14,32.4,31.31,31.55,31.7,-0.4732,10493.36,33227.261
300916.SZ,20250225,32.38,32.95,32.12,32.5,32.98,-1.4554,33106.62,107790.477
300917.SZ,20250225,51.18,53.64,51.13,51.61,52.2,-1.1303,91973.14,480814.976
300918.SZ,20250225,17.76,22.3,17.76,20.25,19.2,5.4688,609810.72,1207553.64
300919.SZ,20250225,36.75,38.07,36.66,37.29,37.05,0.6478,100063.37,373955.244
300920.SZ,20250225,20.12,20.12,19.31,19.42,20.12,-3.4791,17914.0,35185.639
300921.SZ,20250225,31.48,33.18,31.48,32.39,33.3,-2.7327,83905.0,271434.337
300922.SZ,20250225,14.36,14.63,14.29,14.47,14.55,-0.5498,29029.6,41956.073
300923.SZ,20250225,21.1,21.2,20.88,20.99,21.21,-1.0372,8417.0,17703.311
300925.SZ,20250225,26.89,28.8,26.75,28.3,27.55,2.7223,479244.65,1347302.698
300926.SZ,20250225,26.7,30.74,26.61,29.48,27.01,9.1448,227418.28,656046.906
300927.SZ,20250225,18.08,18.15,17.88,17.89,18.18,-1.5952,19998.0,35984.465
300928.SZ,20250225,36.17,37.3,36.0,36.75,36.55,0.5472,21850.0,80128.058
300929.SZ,20250225,9.02,9.19,9.01,9.08,9.13,-0.5476,18500.1,16797.467
300930.SZ,20250225,26.0,26.44,25.88,26.36,26.17,0.726,15530.0,40626.614
300931.SZ,20250225,6.85,6.95,6.77,6.86,6.89,-0.4354,29647.0,20391.229
300932.SZ,20250225,15.15,15.15,14.8,14.91,15.15,-1.5842,34539.26,51756.962
300933.SZ,20250225,7.52,7.74,7.45,7.62,7.71,-1.1673,191819.89,145685.251
300935.SZ,20250225,25.32,25.64,25.06,25.34,25.65,-1.2086,14288.69,36173.532
300936.SZ,20250225,41.49,42.14,41.39,41.83,42.15,-0.7592,19999.0,83563.504
300937.SZ,20250225,29.36,29.68,29.02,29.14,29.78,-2.1491,30118.25,88309.705
300938.SZ,20250225,30.11,31.12,29.98,30.52,30.5,0.0656,60502.79,184913.217
300939.SZ,20250225,32.47,33.77,32.47,33.38,33.16,0.6634,29688.5,98909.11
300940.SZ,20250225,15.51,16.3,15.41,15.88,15.63,1.5995,78905.0,125819.012
300941.SZ,20250225,25.8,26.18,25.56,25.62,26.23,-2.3256,81071.5,209450.39
300942.SZ,20250225,8.61,8.77,8.56,8.65,8.69,-0.4603,39823.0,34455.136
300943.SZ,20250225,13.81,14.06,13.73,13.93,13.97,-0.2863,45949.0,64105.292
300945.SZ,20250225,11.42,11.59,11.31,11.4,11.48,-0.6969,71864.0,82356.902
300946.SZ,20250225,34.12,35.39,33.99,35.28,35.01,0.7712,44168.95,154401.77
300947.SZ,20250225,18.07,19.29,17.91,18.9,18.43,2.5502,97842.15,184073.92
300948.SZ,20250225,9.9,10.04,9.9,9.99,10.01,-0.1998,17075.0,17002.901
300949.SZ,20250225,39.38,40.54,38.82,39.24,39.87,-1.5801,17015.98,67045.162
300950.SZ,20250225,17.64,17.84,17.48,17.62,17.8,-1.0112,27887.76,49233.254
300951.SZ,20250225,31.0,31.88,30.75,31.62,31.22,1.2812,31909.71,100270.407
300952.SZ,20250225,29.65,32.62,29.6,31.64,32.32,-2.104,98589.72,307799.996
300953.SZ,20250225,145.0,155.88,142.01,154.54,149.2,3.5791,90133.18,1343329.705
300955.SZ,20250225,15.72,16.05,15.72,15.8,15.99,-1.1882,9454.0,15045.184
300956.SZ,20250225,22.4,23.68,22.39,23.32,22.93,1.7008,146158.95,337581.495
300957.SZ,20250225,41.56,42.28,41.52,41.89,42.04,-0.3568,30283.49,126885.05
300958.SZ,20250225,11.84,12.3,11.72,11.79,11.8,-0.0847,55974.0,66670.693
300959.SZ,20250225,46.1,47.5,46.1,46.3,47.88,-3.2999,40934.0,190344.174
300960.SZ,20250225,22.96,23.87,22.91,23.47,23.25,0.9462,26920.0,63178.935
300961.SZ,20250225,11.64,12.46,11.41,11.95,11.69,2.2241,244103.75,292707.261
300962.SZ,20250225,15.08,15.16,14.91,14.96,15.17,-1.3843,20946.57,31448.681
300963.SZ,20250225,9.23,9.42,9.15,9.35,9.35,0.0,56714.62,52782.549
300964.SZ,20250225,37.99,38.94,37.62,38.69,38.62,0.1813,14680.0,56588.715
300965.SZ,20250225,34.83,35.0,34.59,34.85,35.0,-0.4286,1446.0,5032.129
300966.SZ,20250225,16.8,17.08,16.58,16.88,16.88,0.0,15192.0,25671.07
300967.SZ,20250225,12.5,12.62,12.28,12.32,12.6,-2.2222,62110.3,76918.923
300968.SZ,20250225,20.15,21.2,20.01,20.57,20.63,-0.2908,300356.52,621954.573
300969.SZ,20250225,100.7,105.8,100.3,103.0,102.22,0.7631,18657.0,193139.399
300970.SZ,20250225,12.38,12.72,12.2,12.24,12.49,-2.0016,44119.0,54469.899
300971.SZ,20250225,21.46,22.26,21.41,22.03,21.68,1.6144,39742.0,87631.317
300972.SZ,20250225,91.87,93.42,89.6,92.65,92.2,0.4881,16563.29,151483.449
300973.SZ,20250225,39.98,40.41,39.35,39.54,40.22,-1.6907,19305.0,76793.986
300975.SZ,20250225,12.48,13.07,12.38,12.79,12.83,-0.3118,484568.67,621948.637
300976.SZ,20250225,69.74,73.45,69.38,71.9,70.78,1.5824,26318.01,189000.162
300977.SZ,20250225,18.72,19.69,18.72,19.03,18.66,1.9829,56766.81,108834.72
300978.SZ,20250225,11.33,11.63,11.31,11.55,11.44,0.9615,47505.0,54704.372
300979.SZ,20250225,67.29,70.8,67.08,67.63,67.6,0.0444,35518.57,244089.601
300980.SZ,20250225,30.0,31.33,29.71,30.12,30.89,-2.4927,92175.25,280870.608
300981.SZ,20250225,12.65,12.74,12.47,12.52,12.76,-1.8809,37716.32,47517.446
300982.SZ,20250225,18.07,18.34,17.95,18.08,18.38,-1.6322,31114.6,56426.195
300983.SZ,20250225,18.68,19.47,18.33,18.72,18.75,-0.16,35804.87,67641.272
300984.SZ,20250225,69.6,72.9,68.0,70.99,70.37,0.8811,32411.81,229589.756
300985.SZ,20250225,16.71,17.06,16.61,16.87,16.92,-0.2955,19577.4,33060.926
300986.SZ,20250225,16.52,17.37,16.33,16.8,16.66,0.8403,86993.38,147616.791
300987.SZ,20250225,16.31,17.1,16.01,16.83,16.59,1.4467,136611.19,227633.369
300988.SZ,20250225,20.99,21.86,20.75,21.53,21.2,1.5566,107096.8,229918.778
300989.SZ,20250225,15.35,15.77,15.2,15.39,15.6,-1.3462,40437.67,62527.389
300990.SZ,20250225,52.65,54.49,51.86,52.45,55.19,-4.9647,53203.37,282664.096
300991.SZ,20250225,21.71,22.7,21.62,22.27,22.47,-0.8901,98053.78,217633.071
300992.SZ,20250225,24.92,25.98,24.33,25.4,25.28,0.4747,51974.34,131012.476
300993.SZ,20250225,10.4,10.4,10.23,10.28,10.41,-1.2488,35317.14,36448.25
300994.SZ,20250225,11.79,11.89,11.59,11.71,11.8,-0.7627,29235.94,34374.074
300995.SZ,20250225,17.55,17.98,17.52,17.6,17.73,-0.7332,12814.0,22654.822
300996.SZ,20250225,26.3,26.77,25.6,26.14,26.62,-1.8032,125957.19,328839.52
300997.SZ,20250225,14.35,14.84,14.25,14.46,14.53,-0.4818,45872.95,66941.0
300998.SZ,20250225,16.7,16.89,16.55,16.6,16.93,-1.9492,33383.0,55739.926
300999.SZ,20250225,32.87,33.01,32.38,32.46,33.14,-2.0519,91220.0,297408.387
301000.SZ,20250225,36.71,39.22,36.2,38.46,38.18,0.7334,168072.94,641537.654
301001.SZ,20250225,36.0,36.97,35.73,36.61,36.73,-0.3267,26910.0,98157.256
301002.SZ,20250225,17.9,18.14,17.59,17.72,17.91,-1.0609,21014.05,37532.536
301003.SZ,20250225,23.25,23.48,23.08,23.45,23.42,0.1281,11148.87,26041.606
301004.SZ,20250225,106.39,109.98,105.0,106.25,106.36,-0.1034,6920.0,73780.214
301005.SZ,20250225,31.02,32.3,30.7,31.81,31.47,1.0804,65056.7,206252.837
301006.SZ,20250225,14.14,14.37,14.14,14.19,14.33,-0.977,12056.14,17182.346
301007.SZ,20250225,21.32,23.35,21.31,22.98,21.84,5.2198,202827.45,457316.786
301008.SZ,20250225,20.2,21.3,20.16,20.9,20.46,2.1505,27458.01,57148.034
301009.SZ,20250225,11.12,11.23,10.99,11.05,11.24,-1.6904,55031.0,61095.556
301010.SZ,20250225,18.0,18.13,17.74,17.92,18.12,-1.1038,20979.0,37646.03
301011.SZ,20250225,28.11,28.75,27.61,28.26,28.56,-1.0504,53986.8,152030.36
301012.SZ,20250225,26.0,26.88,25.69,26.14,26.19,-0.1909,57666.63,150865.544
301013.SZ,20250225,14.98,17.35,14.48,16.8,14.46,16.1826,722392.1,1160719.164
301015.SZ,20250225,24.27,24.27,23.81,23.94,24.5,-2.2857,39051.05,93679.597
301016.SZ,20250225,21.75,22.5,21.7,22.25,22.01,1.0904,30718.5,68193.898
301017.SZ,20250225,12.17,12.33,12.08,12.16,12.26,-0.8157,41469.04,50579.583
301018.SZ,20250225,50.0,54.06,50.0,51.67,53.0,-2.5094,205929.88,1064359.23
301019.SZ,20250225,17.35,17.53,17.18,17.27,17.5,-1.3143,15159.94,26246.78
301020.SZ,20250225,19.26,19.79,19.18,19.56,19.47,0.4622,15692.21,30675.874
301021.SZ,20250225,28.65,31.59,28.53,30.5,29.15,4.6312,134035.48,406300.325
301022.SZ,20250225,23.13,23.75,22.73,23.38,23.35,0.1285,21522.8,50278.164
301023.SZ,20250225,64.62,66.71,64.11,65.35,67.13,-2.6516,24158.5,158026.1
301024.SZ,20250225,25.45,25.9,25.27,25.56,25.95,-1.5029,18586.5,47391.768
301025.SZ,20250225,9.98,10.17,9.83,10.0,10.11,-1.088,51684.03,51740.132
301026.SZ,20250225,28.33,28.56,28.11,28.25,28.46,-0.7379,10118.0,28688.308
301027.SZ,20250225,15.78,15.78,15.2,15.4,15.88,-3.0227,38984.53,60501.234
301028.SZ,20250225,12.12,12.46,12.12,12.38,12.31,0.5686,69195.06,85349.361
301029.SZ,20250225,29.3,30.42,29.15,29.89,30.2,-1.0265,107526.3,321202.823
301030.SZ,20250225,22.42,24.17,22.1,24.11,22.54,6.9654,210432.09,488306.421
301031.SZ,20250225,119.95,123.0,116.5,122.3,121.0,1.0744,11077.72,133432.557
301032.SZ,20250225,10.19,11.27,10.01,10.73,10.24,4.7852,214320.83,229155.961
301033.SZ,20250225,47.39,47.87,46.9,47.48,48.16,-1.412,7071.0,33565.803
301035.SZ,20250225,53.01,53.97,52.08,53.48,54.0,-0.963,11434.0,60344.891
301036.SZ,20250225,41.85,45.0,41.65,44.11,42.48,3.8371,94666.59,414431.62
301037.SZ,20250225,11.92,12.1,11.87,12.06,12.05,0.083,26655.0,31925.029
301038.SZ,20250225,18.67,18.67,18.22,18.37,18.66,-1.5541,20738.5,38052.517
301039.SZ,20250225,8.62,8.75,8.53,8.67,8.65,0.2312,160744.58,139201.606
301040.SZ,20250225,14.15,14.92,14.14,14.43,14.33,0.6978,39699.0,57440.893
301041.SZ,20250225,26.28,26.71,26.01,26.35,26.59,-0.9026,22093.0,58385.901
301042.SZ,20250225,38.83,38.98,38.19,38.62,39.07,-1.1518,12827.37,49506.812
301043.SZ,20250225,28.88,28.94,28.61,28.7,28.96,-0.8978,4479.01,12883.526
301045.SZ,20250225,23.2,24.4,22.69,23.64,23.0,2.7826,50568.0,118494.624
301046.SZ,20250225,20.48,20.68,20.38,20.51,20.72,-1.0135,12767.48,26257.621
301047.SZ,20250225,63.26,63.52,62.73,63.15,63.86,-1.1118,9100.0,57482.721
301048.SZ,20250225,9.27,9.45,9.23,9.3,9.38,-0.8529,45509.0,42571.557
301049.SZ,20250225,24.5,25.74,24.33,24.74,25.14,-1.5911,43142.83,107579.712
301050.SZ,20250225,53.3,54.3,53.0,53.52,53.98,-0.8522,57207.13,307159.68
301051.SZ,20250225,26.66,27.68,26.56,27.0,26.92,0.2972,18599.5,50546.692
301052.SZ,20250225,30.88,31.64,30.1,31.01,31.52,-1.618,55816.31,172740.78
301053.SZ,20250225,22.23,22.48,22.0,22.38,22.59,-0.9296,8578.0,19110.342
301055.SZ,20250225,14.52,14.75,14.43,14.55,14.68,-0.8856,11898.0,17320.729
301056.SZ,20250225,8.61,8.65,8.5,8.54,8.65,-1.2717,19226.0,16473.04
301057.SZ,20250225,13.39,13.48,13.25,13.31,13.52,-1.5533,13079.0,17469.163
301058.SZ,20250225,13.0,13.39,12.82,13.02,13.3,-2.1053,193353.46,252707.255
301059.SZ,20250225,10.9,10.93,10.7,10.79,10.89,-0.9183,19511.4,21089.788
301060.SZ,20250225,11.12,11.43,10.91,11.19,11.25,-0.5333,112607.0,125885.132
301061.SZ,20250225,79.57,80.19,77.02,78.72,80.12,-1.7474,8972.04,70667.637
301062.SZ,20250225,9.65,9.9,9.63,9.72,9.74,-0.2053,120508.47,117732.463
301063.SZ,20250225,17.36,17.42,17.17,17.22,17.37,-0.8636,13499.43,23298.307
301065.SZ,20250225,19.26,19.38,19.12,19.35,19.43,-0.4117,9416.5,18163.902
301066.SZ,20250225,14.88,14.9,14.6,14.7,15.06,-2.3904,61808.6,91097.028
301067.SZ,20250225,35.0,36.6,34.6,35.97,36.05,-0.2219,79645.8,283595.211
301068.SZ,20250225,30.16,30.7,30.03,30.43,30.57,-0.458,7882.21,24010.895
301069.SZ,20250225,15.9,16.16,15.85,15.93,16.19,-1.6059,78956.0,126383.096
301070.SZ,20250225,58.78,59.77,57.7,58.1,60.77,-4.3936,24209.0,141962.013
301071.SZ,20250225,34.63,35.63,34.41,34.86,35.15,-0.825,90799.23,317454.641
301072.SZ,20250225,20.28,20.84,20.28,20.77,20.65,0.5811,11408.81,23601.56
301073.SZ,20250225,20.2,20.9,20.17,20.43,20.48,-0.2441,42249.0,86893.222
301075.SZ,20250225,19.59,19.89,19.48,19.49,19.78,-1.4661,8045.0,15831.078
301076.SZ,20250225,34.8,35.99,34.8,35.08,36.0,-2.5556,80287.85,284060.491
301077.SZ,20250225,26.98,27.38,26.78,27.12,27.23,-0.404,13133.0,35529.57
301078.SZ,20250225,14.08,14.93,14.06,14.49,14.24,1.7556,514041.6,749854.373
301079.SZ,20250225,16.17,16.51,16.1,16.3,16.35,-0.3058,29822.0,48718.021
301080.SZ,20250225,54.68,55.4,53.81,54.44,55.19,-1.3589,13328.5,72557.258
301081.SZ,20250225,9.53,9.56,9.38,9.44,9.57,-1.3584,14169.0,13402.562
301082.SZ,20250225,14.01,14.36,13.85,14.16,14.15,0.0707,65442.27,92419.343
301083.SZ,20250225,15.16,15.38,15.0,15.24,15.3,-0.3922,28590.98,43653.081
301085.SZ,20250225,83.89,86.9,83.1,84.37,89.25,-5.4678,87878.23,745554.954
301086.SZ,20250225,51.76,52.43,51.24,51.92,52.23,-0.5935,13281.0,68865.042
301087.SZ,20250225,38.44,39.67,38.14,38.69,38.45,0.6242,25571.3,100095.205
301088.SZ,20250225,13.01,13.23,13.01,13.07,13.19,-0.9098,14396.0,18890.969
301089.SZ,20250225,28.12,29.58,27.86,28.77,28.32,1.589,47476.2,137151.165
301090.SZ,20250225,7.06,8.36,7.05,8.36,6.97,19.9426,298685.83,240646.438
301091.SZ,20250225,50.5,56.0,50.5,54.17,52.53,3.122,253604.67,1363192.508
301092.SZ,20250225,23.89,24.33,23.72,24.19,24.02,0.7077,10854.0,26197.801
301093.SZ,20250225,23.4,23.61,23.11,23.6,23.52,0.3401,17723.0,41491.16
301095.SZ,20250225,57.32,61.25,57.01,60.33,58.49,3.1458,110602.88,657632.71
301096.SZ,20250225,38.06,38.42,37.8,37.97,38.66,-1.7848,27474.0,104596.205
301097.SZ,20250225,37.77,38.8,37.48,38.33,38.06,0.7094,4990.0,19127.004
301098.SZ,20250225,8.15,8.26,8.13,8.16,8.25,-1.0909,26583.0,21758.231
301099.SZ,20250225,48.5,49.66,48.02,48.8,49.0,-0.4082,41272.25,201950.99
301100.SZ,20250225,16.78,17.02,16.73,16.91,16.93,-0.1181,10652.0,17985.766
301101.SZ,20250225,54.08,65.0,53.87,61.61,55.8,10.4122,227793.06,1349145.168
301102.SZ,20250225,11.68,11.83,11.45,11.58,11.85,-2.2785,54886.51,64029.4
301103.SZ,20250225,20.17,20.41,20.07,20.24,20.36,-0.5894,7891.5,15985.345
301105.SZ,20250225,29.56,30.47,29.56,30.11,29.9,0.7023,8883.0,26793.44
301106.SZ,20250225,31.18,32.0,31.18,31.69,31.87,-0.5648,26952.8,85160.206
301107.SZ,20250225,29.39,29.93,29.35,29.7,29.8,-0.3356,10922.0,32372.812
301108.SZ,20250225,27.47,27.8,27.22,27.59,27.47,0.4368,7395.0,20387.655
301109.SZ,20250225,18.47,20.3,18.1,20.1,18.9,6.3492,196423.15,381027.887
301110.SZ,20250225,53.75,54.96,53.18,54.1,54.33,-0.4233,26060.6,141544.736
301111.SZ,20250225,16.02,16.13,15.83,15.88,16.13,-1.5499,20331.42,32385.278
301112.SZ,20250225,26.05,26.9,25.7,26.52,26.12,1.5314,38283.0,101542.658
301113.SZ,20250225,24.02,24.65,24.02,24.46,24.54,-0.326,5463.0,13363.786
301115.SZ,20250225,14.18,14.23,14.11,14.11,14.25,-0.9825,12598.09,17842.258
301116.SZ,20250225,11.54,11.83,11.45,11.56,11.67,-0.9426,46950.0,54586.486
301117.SZ,20250225,36.37,37.88,35.66,37.03,36.96,0.1894,32395.0,119907.443
301118.SZ,20250225,18.69,18.95,18.5,18.66,18.87,-1.1129,16754.0,31460.359
301119.SZ,20250225,35.85,36.51,34.99,35.25,35.85,-1.6736,18865.1,67087.386
301120.SZ,20250225,9.12,9.32,9.0,9.19,9.3,-1.1828,112109.0,103014.709
301121.SZ,20250225,58.34,62.63,58.34,61.15,60.15,1.6625,55329.0,335488.467
301122.SZ,20250225,22.52,22.88,22.17,22.69,22.68,0.0441,17677.4,39783.175
301123.SZ,20250225,23.93,24.85,23.72,24.61,24.44,0.6956,64479.0,156976.827
301125.SZ,20250225,12.13,12.58,12.07,12.33,12.33,0.0,54678.23,67613.63
301126.SZ,20250225,10.9,11.35,10.77,11.01,10.93,0.7319,53968.15,59614.552
301127.SZ,20250225,17.2,18.2,17.2,18.01,17.51,2.8555,148047.16,264463.527
301128.SZ,20250225,68.99,75.75,67.51,74.31,70.7,5.1061,74971.87,532241.231
301129.SZ,20250225,24.3,25.47,24.26,24.89,24.73,0.647,28451.0,70923.921
301130.SZ,20250225,27.01,27.05,26.52,26.72,27.01,-1.0737,6643.3,17745.873
301131.SZ,20250225,37.2,38.47,36.87,37.61,37.35,0.6961,18744.0,71084.51
301132.SZ,20250225,28.81,29.46,28.77,29.18,29.34,-0.5453,26581.68,77518.274
301133.SZ,20250225,23.09,23.69,22.85,23.49,23.16,1.4249,19465.0,45602.751
301135.SZ,20250225,25.37,25.99,25.24,25.76,25.66,0.3897,19208.64,49455.645
301136.SZ,20250225,12.2,12.5,12.09,12.24,12.35,-0.8907,46200.28,56584.032
301137.SZ,20250225,17.88,18.39,17.83,17.98,18.28,-1.6411,50741.0,91236.365
301138.SZ,20250225,29.18,30.0,29.0,29.43,29.5,-0.2373,26597.0,78931.676
301139.SZ,20250225,31.82,37.91,31.82,36.28,31.82,14.0163,363880.99,1248687.392
301141.SZ,20250225,38.87,40.12,38.8,39.65,39.62,0.0757,29878.4,118162.126
301148.SZ,20250225,19.04,19.04,18.71,18.79,19.05,-1.3648,9499.68,17929.612
301149.SZ,20250225,10.45,11.3,10.37,11.06,10.33,7.0668,225709.67,247184.93
301150.SZ,20250225,21.64,22.15,21.63,21.95,21.95,0.0,22557.61,49595.567
301151.SZ,20250225,15.75,15.91,15.72,15.77,15.95,-1.1285,15886.04,25097.882
301152.SZ,20250225,29.47,31.22,29.38,30.34,29.92,1.4037,49666.0,150870.93
301153.SZ,20250225,29.8,30.77,29.75,29.99,30.76,-2.5033,90320.98,272528.398
301155.SZ,20250225,57.44,58.98,56.18,57.86,57.79,0.1211,40041.0,230992.131
301156.SZ,20250225,13.42,13.65,13.41,13.49,13.55,-0.4428,13055.42,17666.259
301157.SZ,20250225,60.83,68.2,59.51,66.51,63.87,4.1334,74155.13,477719.443
301158.SZ,20250225,14.32,14.71,14.21,14.69,14.41,1.9431,51860.0,75380.328
301159.SZ,20250225,34.99,35.56,34.51,34.99,35.6,-1.7135,18389.0,64537.037
301160.SZ,20250225,85.0,93.79,83.5,90.64,87.97,3.0351,63037.36,562112.654
301161.SZ,20250225,21.79,22.84,21.7,22.67,22.14,2.3939,95599.61,214930.433
301162.SZ,20250225,48.81,50.19,48.35,48.91,49.69,-1.5697,15257.83,75089.847
301163.SZ,20250225,22.45,23.09,22.42,22.78,22.65,0.574,20124.0,45911.714
301165.SZ,20250225,85.93,86.98,82.7,83.45,89.61,-6.8742,169604.83,1433712.11
301166.SZ,20250225,29.38,29.55,28.75,29.43,29.19,0.8222,10437.0,30526.696
301167.SZ,20250225,13.7,13.83,13.58,13.67,13.87,-1.442,11871.4,16246.165
301168.SZ,20250225,27.07,27.68,27.01,27.36,27.35,0.0366,19630.0,53864.514
301169.SZ,20250225,43.34,45.3,43.02,43.97,43.81,0.3652,29026.0,128709.49
301170.SZ,20250225,24.16,24.88,24.16,24.72,24.5,0.898,15847.0,39109.105
301171.SZ,20250225,32.0,32.9,31.34,32.06,32.62,-1.7167,282203.57,903160.851
301172.SZ,20250225,29.76,30.63,29.52,30.29,30.14,0.4977,33947.8,102661.393
301175.SZ,20250225,5.35,5.42,5.26,5.33,5.35,-0.3738,371629.74,197743.199
301176.SZ,20250225,17.95,18.8,17.75,18.33,18.15,0.9917,38481.0,70466.717
301177.SZ,20250225,24.99,26.7,24.98,26.12,25.3,3.2411,37052.0,95712.515
301178.SZ,20250225,31.77,32.81,31.77,32.09,32.76,-2.0452,43207.6,139580.515
301179.SZ,20250225,18.95,19.33,18.86,19.08,19.23,-0.78,56507.61,107947.783
301180.SZ,20250225,14.93,15.15,14.8,14.98,15.08,-0.6631,30564.16,45857.95
301181.SZ,20250225,22.6,26.95,22.48,26.95,22.46,19.9911,133164.65,338662.809
301182.SZ,20250225,37.5,40.95,37.39,38.59,38.6,-0.0259,62499.47,243875.785
301183.SZ,20250225,57.22,59.58,56.7,58.92,58.47,0.7696,102180.0,594758.399
301185.SZ,20250225,19.45,19.85,19.3,19.51,19.82,-1.5641,35962.0,70306.336
301187.SZ,20250225,37.35,38.23,36.91,37.45,38.32,-2.2704,30299.0,113588.217
301188.SZ,20250225,16.3,16.33,16.02,16.1,16.41,-1.8891,27375.42,44310.703
301189.SZ,20250225,26.66,27.65,26.4,27.3,27.2,0.3676,44085.16,120084.772
301190.SZ,20250225,15.95,16.62,15.71,16.61,15.96,4.0727,31534.81,51592.329
301191.SZ,20250225,100.5,102.6,97.26,101.18,105.5,-4.0948,33415.25,333760.91
301192.SZ,20250225,21.45,21.56,20.99,21.3,21.66,-1.662,16763.5,35606.294
301193.SZ,20250225,16.6,17.88,16.55,17.88,16.68,7.1942,55925.67,97405.376
301195.SZ,20250225,35.45,35.93,35.15,35.55,35.83,-0.7815,18565.64,66092.764
301196.SZ,20250225,48.71,55.55,48.7,53.79,47.15,14.0827,121954.21,636155.419
301197.SZ,20250225,15.93,16.14,15.7,15.98,16.03,-0.3119,17775.0,28378.367
301198.SZ,20250225,11.34,11.99,11.34,11.79,11.48,2.7003,97262.28,114435.338
301199.SZ,20250225,35.0,37.66,34.95,36.74,35.83,2.5398,73192.76,269339.468
301200.SZ,20250225,40.85,42.39,40.52,41.57,41.35,0.532,37899.43,158268.965
301201.SZ,20250225,20.38,20.6,20.31,20.44,20.66,-1.0649,10489.0,21445.645
301202.SZ,20250225,52.91,55.7,52.2,54.52,58.1,-6.1618,151388.9,815327.862
301203.SZ,20250225,32.15,32.16,30.64,30.78,30.73,0.1627,10223.0,31831.59
301205.SZ,20250225,82.51,84.4,82.39,82.83,84.78,-2.3001,44317.13,368915.254
301206.SZ,20250225,25.67,25.67,25.42,25.45,25.64,-0.741,6906.0,17614.368
301207.SZ,20250225,18.0,18.04,17.75,17.87,18.12,-1.3797,24914.0,44595.043
301208.SZ,20250225,40.57,41.55,40.1,40.98,41.79,-1.9383,53207.8,217315.76
301209.SZ,20250225,32.59,32.97,32.45,32.87,32.91,-0.1215,8958.0,29326.136
301210.SZ,20250225,55.36,69.99,55.36,65.4,58.48,11.8331,62662.06,390543.16
301211.SZ,20250225,18.34,18.34,17.93,17.95,18.2,-1.3736,38383.6,69346.685
301212.SZ,20250225,21.79,22.15,21.72,21.98,22.04,-0.2722,6632.0,14535.841
301213.SZ,20250225,51.2,51.89,50.02,50.46,52.15,-3.2407,25061.1,127907.759
301215.SZ,20250225,6.11,6.2,6.04,6.14,6.15,-0.1626,130361.96,79844.577
301216.SZ,20250225,11.1,11.35,11.01,11.25,11.14,0.9874,60220.37,67709.189
301217.SZ,20250225,11.41,11.68,11.31,11.54,11.52,0.1736,81299.93,93743.016
301218.SZ,20250225,24.01,25.48,23.89,24.5,24.59,-0.366,63521.0,156638.517
301219.SZ,20250225,48.2,51.87,48.2,49.8,46.04,8.1668,186706.58,940701.178
301220.SZ,20250225,79.5,86.16,79.5,82.93,81.15,2.1935,65641.36,545171.147
301221.SZ,20250225,52.26,55.8,52.0,54.1,52.97,2.1333,73343.84,398406.972
301222.SZ,20250225,27.01,27.55,26.78,27.39,27.16,0.8468,11191.28,30486.393
301223.SZ,20250225,16.44,16.5,16.35,16.47,16.45,0.1216,8815.82,14482.114
301225.SZ,20250225,28.3,29.28,28.23,28.93,28.63,1.0479,12482.32,36056.162
301226.SZ,20250225,26.5,27.7,26.4,27.26,27.06,0.7391,62805.82,170870.321
301227.SZ,20250225,16.61,16.99,16.52,16.8,16.8,0.0,10391.59,17441.233
301228.SZ,20250225,17.6,18.15,17.27,17.81,17.6,1.1932,90532.19,160514.978
301229.SZ,20250225,21.52,23.76,21.26,23.43,21.55,8.7239,79899.48,181681.253
301230.SZ,20250225,37.26,38.6,36.7,37.8,38.76,-2.4768,91535.17,345553.16
301231.SZ,20250225,18.72,18.97,18.4,18.75,18.92,-0.8985,24330.05,45506.269
301232.SZ,20250225,25.99,26.78,25.78,26.54,26.22,1.2204,16339.49,43170.612
301233.SZ,20250225,48.16,48.79,47.78,48.23,48.86,-1.2894,12682.61,61191.359
301234.SZ,20250225,27.03,27.48,26.92,27.22,27.29,-0.2565,6944.0,18911.252
301235.SZ,20250225,20.1,20.14,19.86,19.96,20.2,-1.1881,12508.0,25023.051
301236.SZ,20250225,71.0,73.69,70.4,70.97,74.01,-4.1076,776386.24,5559050.71
301237.SZ,20250225,24.93,25.33,24.73,24.84,25.0,-0.64,7888.0,19732.758
301238.SZ,20250225,21.09,21.15,20.32,20.59,21.44,-3.9646,335183.33,695227.987
301239.SZ,20250225,48.7,51.3,48.3,50.66,49.13,3.1142,25697.0,129447.116
301246.SZ,20250225,14.15,14.29,14.1,14.2,14.28,-0.5602,23797.59,33815.251
301248.SZ,20250225,22.5,23.07,21.91,21.94,23.54,-6.7969,182038.2,410254.852
301251.SZ,20250225,39.09,40.26,39.06,39.27,40.78,-3.7028,106272.47,419287.598
301252.SZ,20250225,43.89,45.37,43.3,44.12,46.01,-4.1078,73019.89,323031.972
301255.SZ,20250225,40.52,46.12,40.5,44.98,41.99,7.1207,95684.56,423099.479
301256.SZ,20250225,8.21,8.34,8.2,8.25,8.32,-0.8413,50798.0,42032.635
301257.SZ,20250225,31.61,31.9,30.88,31.49,32.13,-1.9919,39297.5,122893.253
301258.SZ,20250225,24.59,24.88,24.43,24.7,24.84,-0.5636,10205.0,25187.95
301259.SZ,20250225,55.43,56.25,53.69,55.01,55.98,-1.7328,54569.66,298150.918
301260.SZ,20250225,14.8,15.07,14.68,14.84,15.0,-1.0667,43475.71,64839.748
301261.SZ,20250225,66.6,73.72,66.6,70.44,68.15,3.3602,55077.44,392352.088
301262.SZ,20250225,26.15,26.3,25.64,25.98,26.4,-1.5909,23626.07,61370.513
301263.SZ,20250225,17.63,18.65,17.5,18.35,17.8,3.0899,105865.2,192392.26
301265.SZ,20250225,9.06,9.12,9.02,9.03,9.15,-1.3115,17478.05,15845.571
301266.SZ,20250225,35.74,37.19,35.63,36.74,36.07,1.8575,56385.24,206785.971
301267.SZ,20250225,18.76,18.9,18.62,18.7,18.93,-1.215,52847.0,99039.741
301268.SZ,20250225,16.81,17.2,16.77,17.07,17.07,0.0,28482.0,48680.379
301269.SZ,20250225,115.8,120.83,114.4,118.11,117.76,0.2972,75965.17,893618.213
301270.SZ,20250225,43.05,46.2,43.05,44.72,45.0,-0.6222,98162.04,440204.505
301272.SZ,20250225,35.14,35.98,34.99,35.57,35.33,0.6793,7607.52,27018.578
301273.SZ,20250225,21.21,21.67,21.01,21.28,21.44,-0.7463,9859.19,21036.597
301276.SZ,20250225,20.11,20.23,20.01,20.06,20.16,-0.496,9000.03,18098.933
301277.SZ,20250225,14.47,14.53,14.23,14.42,14.54,-0.8253,22064.0,31784.029
301278.SZ,20250225,35.08,35.99,35.06,35.54,35.47,0.1973,15933.52,56697.549
301279.SZ,20250225,22.15,22.74,22.11,22.63,22.46,0.7569,14889.13,33522.94
301280.SZ,20250225,49.53,55.55,49.5,53.75,50.89,5.62,38078.99,199953.338
301281.SZ,20250225,36.0,36.1,33.48,34.3,35.89,-4.4302,95865.04,326717.086
301282.SZ,20250225,23.11,23.37,22.91,23.22,23.23,-0.043,34395.51,79704.989
301283.SZ,20250225,26.06,26.58,26.06,26.37,26.35,0.0759,7359.35,19375.737
301285.SZ,20250225,31.0,32.6,30.85,32.19,31.45,2.3529,54663.1,174608.014
301286.SZ,20250225,30.09,30.09,28.61,28.9,30.29,-4.589,18945.0,55339.265
301287.SZ,20250225,30.7,30.94,30.42,30.58,30.88,-0.9715,4325.0,13268.221
301288.SZ,20250225,13.59,13.76,13.35,13.45,13.6,-1.1029,27148.99,36782.891
301289.SZ,20250225,49.89,50.73,49.41,50.16,50.37,-0.4169,16210.0,81149.072
301290.SZ,20250225,23.88,23.88,23.49,23.68,23.91,-0.9619,8172.74,19359.732
301291.SZ,20250225,53.6,53.89,52.08,52.6,54.38,-3.2733,36665.39,193556.604
301292.SZ,20250225,14.23,14.47,14.16,14.28,14.42,-0.9709,23873.3,34192.398
301293.SZ,20250225,50.51,53.23,50.4,52.43,51.76,1.2944,144244.57,751076.048
301295.SZ,20250225,22.02,22.86,21.9,22.63,22.27,1.6165,22722.37,51066.44
301296.SZ,20250225,9.3,9.55,9.25,9.41,9.37,0.4269,45855.0,43260.419
301297.SZ,20250225,42.4,44.24,42.01,43.25,42.87,0.8864,134798.33,584215.832
301298.SZ,20250225,14.33,14.68,14.33,14.52,14.54,-0.1376,24671.34,35827.283
301299.SZ,20250225,74.91,76.28,74.28,75.53,76.36,-1.087,28272.74,213160.555
301300.SZ,20250225,31.29,31.59,30.63,31.03,32.36,-4.11,50269.97,156178.677
301301.SZ,20250225,13.05,13.19,12.95,13.03,13.31,-2.1037,268948.0,351273.839
301302.SZ,20250225,24.5,25.39,24.42,24.84,25.32,-1.8957,58780.92,146693.917
301303.SZ,20250225,14.15,14.33,14.07,14.13,14.21,-0.563,24120.08,34220.292
301305.SZ,20250225,17.51,17.71,17.49,17.58,17.58,0.0,14828.31,26104.216
301306.SZ,20250225,44.16,47.5,44.03,45.8,46.16,-0.7799,63808.55,293777.685
301307.SZ,20250225,26.01,27.5,25.48,25.95,25.11,3.3453,253747.04,672550.958
301308.SZ,20250225,101.0,105.93,99.88,101.72,103.46,-1.6818,130953.28,1339355.955
301309.SZ,20250225,25.79,26.1,25.5,25.88,25.69,0.7396,16043.24,41360.934
301310.SZ,20250225,31.29,34.15,31.29,32.71,32.09,1.9321,89890.18,294355.249
301311.SZ,20250225,18.48,19.01,18.38,18.71,18.61,0.5373,38438.0,72076.398
301312.SZ,20250225,48.7,50.35,48.06,49.61,48.51,2.2676,41613.86,205507.507
301313.SZ,20250225,26.27,26.74,25.96,26.3,26.87,-2.1213,55722.5,146531.684
301314.SZ,20250225,38.67,40.1,38.5,39.32,38.97,0.8981,12388.7,48825.992
301315.SZ,20250225,63.01,63.5,61.56,62.25,64.15,-2.9618,50214.82,313360.645
301316.SZ,20250225,25.48,27.0,25.0,25.95,26.07,-0.4603,267587.34,694679.751
301317.SZ,20250225,20.46,20.74,20.06,20.51,20.46,0.2444,14604.0,29956.723
301318.SZ,20250225,34.34,35.09,34.0,34.5,34.83,-0.9475,30446.13,105313.462
301319.SZ,20250225,33.12,33.67,32.0,32.77,32.12,2.0237,34020.76,111889.125
301320.SZ,20250225,17.0,17.07,16.78,16.82,17.03,-1.2331,34191.77,57859.806
301321.SZ,20250225,16.14,16.23,15.88,16.19,16.14,0.3098,25155.91,40553.54
301322.SZ,20250225,23.0,23.41,22.87,23.09,23.14,-0.2161,13019.2,30149.406
301323.SZ,20250225,43.1,43.48,42.09,43.11,43.1,0.0232,12217.71,52334.511
301325.SZ,20250225,66.86,82.75,66.25,80.1,68.96,16.1543,211237.67,1630681.417
301326.SZ,20250225,76.95,78.59,76.18,77.06,77.98,-1.1798,6895.0,53261.464
301327.SZ,20250225,72.89,74.99,72.61,73.45,73.7,-0.3392,12863.99,95086.409
301328.SZ,20250225,47.22,47.98,47.01,47.41,48.06,-1.3525,31848.5,151418.499
301329.SZ,20250225,22.28,22.7,21.9,22.35,22.37,-0.0894,41330.0,92319.675
301330.SZ,20250225,30.3,30.9,30.15,30.4,30.92,-1.6818,49390.72,150548.375
301331.SZ,20250225,24.34,24.49,24.1,24.24,24.51,-1.1016,9102.67,22112.846
301332.SZ,20250225,10.36,10.52,10.3,10.36,10.41,-0.4803,55271.0,57436.287
301333.SZ,20250225,58.03,58.52,56.92,58.23,59.31,-1.8209,9310.6,53738.996
301335.SZ,20250225,24.45,24.79,24.0,24.22,24.56,-1.3844,26645.2,64967.072
301336.SZ,20250225,80.76,85.76,78.9,80.07,88.01,-9.0217,47908.28,392889.773
301337.SZ,20250225,31.27,32.18,31.07,31.75,31.97,-0.6881,28459.88,90447.356
301338.SZ,20250225,34.22,36.77,34.12,35.55,34.21,3.917,64465.94,230388.218
301339.SZ,20250225,22.19,23.14,22.17,22.59,22.59,0.0,85812.65,194190.825
301345.SZ,20250225,68.3,69.06,66.4,66.84,68.86,-2.9335,13070.79,88502.27
301348.SZ,20250225,25.2,26.05,25.17,25.72,25.65,0.2729,50732.15,130504.949
301349.SZ,20250225,34.26,34.76,34.01,34.54,34.66,-0.3462,7383.0,25462.618
301353.SZ,20250225,28.69,29.1,28.33,28.9,28.85,0.1733,9969.0,28812.602
301355.SZ,20250225,11.73,12.25,11.65,12.01,11.74,2.2998,82225.21,98009.12
301356.SZ,20250225,17.31,17.55,16.98,17.02,17.49,-2.6872,15341.63,26453.148
301357.SZ,20250225,30.92,31.34,30.56,31.15,31.03,0.3867,13924.9,43223.5
301358.SZ,20250225,38.58,39.69,38.29,38.99,38.87,0.3087,58394.05,227911.745
301359.SZ,20250225,24.52,25.14,24.52,24.91,24.94,-0.1203,13263.0,33016.47
301360.SZ,20250225,55.05,57.36,54.5,56.26,56.78,-0.9158,26314.52,148018.742
301361.SZ,20250225,33.8,35.7,33.35,34.54,35.06,-1.4832,80170.45,275762.991
301362.SZ,20250225,38.43,39.29,38.43,38.95,38.8,0.3866,5860.0,22831.6
301363.SZ,20250225,29.98,30.13,29.3,29.46,30.19,-2.418,20060.0,59634.99
301365.SZ,20250225,15.9,16.16,15.84,15.93,16.19,-1.6059,45982.56,73382.806
301366.SZ,20250225,50.6,56.1,50.19,54.92,51.98,5.656,100357.84,534390.893
301367.SZ,20250225,63.03,63.49,62.69,62.97,63.7,-1.146,6448.0,40645.508
301368.SZ,20250225,75.61,81.18,75.61,77.4,78.1,-0.8963,116838.0,913708.407
301369.SZ,20250225,56.0,57.69,55.5,57.21,56.91,0.5271,14303.0,81628.326
301370.SZ,20250225,11.53,11.63,11.45,11.51,11.69,-1.5398,57851.0,66747.295
301371.SZ,20250225,35.89,36.39,35.55,36.11,35.81,0.8378,24798.0,89494.779
301372.SZ,20250225,20.62,20.85,20.52,20.68,20.8,-0.5769,8580.0,17726.23
301373.SZ,20250225,26.9,27.14,26.85,27.02,27.04,-0.074,6635.0,17909.81
301376.SZ,20250225,19.96,20.09,19.46,19.85,19.81,0.2019,30452.0,60379.24
301377.SZ,20250225,25.63,28.3,25.55,27.69,26.39,4.9261,148932.93,404855.601
301378.SZ,20250225,34.2,35.41,34.05,34.33,35.15,-2.3329,42844.93,148220.582
301379.SZ,20250225,25.7,26.26,25.31,25.65,25.94,-1.118,64565.84,167073.581
301380.SZ,20250225,52.41,53.58,52.2,52.48,54.07,-2.9406,34345.07,181391.697
301381.SZ,20250225,22.77,23.09,22.66,22.82,23.02,-0.8688,36359.52,83260.123
301382.SZ,20250225,52.0,57.17,50.49,55.5,47.64,16.4987,566236.53,3044439.853
301383.SZ,20250225,53.44,57.22,53.0,54.87,55.23,-0.6518,76251.81,422846.667
301386.SZ,20250225,21.04,21.44,20.78,21.29,21.01,1.3327,27841.0,58885.389
301387.SZ,20250225,36.85,37.96,36.7,37.23,37.52,-0.7729,38882.2,145412.009
301388.SZ,20250225,24.4,24.63,24.26,24.45,24.65,-0.8114,20966.0,51183.463
301389.SZ,20250225,24.2,24.8,23.58,24.34,25.55,-4.7358,192512.06,465619.594
301390.SZ,20250225,35.0,35.71,34.86,35.15,35.82,-1.8705,16593.0,58535.321
301391.SZ,20250225,40.05,40.65,39.96,40.06,40.52,-1.1352,14892.26,59849.882
301392.SZ,20250225,77.98,94.78,76.9,90.01,79.46,13.2771,69715.23,602562.746
301393.SZ,20250225,41.62,41.98,41.4,41.65,41.86,-0.5017,6315.0,26348.672
301395.SZ,20250225,11.64,11.8,11.55,11.67,11.67,0.0,14795.4,17307.355
301396.SZ,20250225,49.24,53.2,48.91,50.13,52.05,-3.6888,119958.95,606493.514
301397.SZ,20250225,40.59,44.78,40.26,41.06,42.28,-2.8855,70772.92,299130.417
301398.SZ,20250225,57.01,61.88,56.78,59.29,58.4,1.524,56542.88,337166.472
301399.SZ,20250225,29.2,29.99,28.96,29.19,29.84,-2.1783,46837.15,137327.162
301408.SZ,20250225,11.85,11.95,11.78,11.82,12.0,-1.5,66280.83,78615.129
301413.SZ,20250225,95.0,103.0,94.0,99.8,98.1,1.7329,47469.14,469136.074
301418.SZ,20250225,35.3,35.84,35.13,35.5,35.6,-0.2809,9390.89,33456.969
301419.SZ,20250225,33.79,36.06,33.56,35.97,34.51,4.2307,81358.94,285549.971
301421.SZ,20250225,51.04,54.5,50.33,53.2,51.65,3.001,83991.5,444018.992
301428.SZ,20250225,47.11,48.59,46.73,47.56,49.59,-4.0936,90449.08,430527.378
301429.SZ,20250225,17.53,17.78,17.39,17.56,17.64,-0.4535,34842.36,61362.857
301439.SZ,20250225,18.45,19.05,18.28,18.45,19.04,-3.0987,136771.0,253583.716
301446.SZ,20250225,21.0,21.58,20.9,21.31,21.16,0.7089,17692.5,37767.575
301448.SZ,20250225,23.9,26.58,23.9,25.49,24.3,4.8971,100637.0,255687.103
301456.SZ,20250225,25.98,27.1,25.8,26.75,26.29,1.7497,36913.86,98732.347
301458.SZ,20250225,36.08,38.45,36.01,37.3,36.76,1.469,125076.94,470621.323
301459.SZ,20250225,63.11,65.69,63.0,64.0,64.81,-1.2498,35307.51,227216.861
301468.SZ,20250225,22.0,22.14,21.71,22.0,22.1,-0.4525,7933.77,17463.181
301469.SZ,20250225,24.54,25.35,24.36,25.09,24.61,1.9504,17416.31,43254.808
301486.SZ,20250225,78.31,84.11,76.0,80.73,78.79,2.4622,117248.92,931678.549
301487.SZ,20250225,21.86,22.51,21.7,22.06,22.2,-0.6306,158576.15,351940.572
301488.SZ,20250225,71.75,77.77,71.5,74.56,72.9,2.2771,48100.8,361311.624
301489.SZ,20250225,64.45,66.76,64.21,65.74,65.5,0.3664,27884.0,183620.365
301498.SZ,20250225,89.0,91.68,88.0,89.9,89.68,0.2453,22795.09,205135.929
301499.SZ,20250225,27.0,28.18,26.77,27.8,27.22,2.1308,43881.39,121573.868
301500.SZ,20250225,19.3,19.85,19.13,19.57,19.51,0.3075,42067.19,82429.454
301502.SZ,20250225,40.0,40.61,39.71,40.18,40.67,-1.2048,9712.44,39029.629
301503.SZ,20250225,42.83,43.89,42.29,43.05,43.68,-1.4423,22042.11,94652.141
301505.SZ,20250225,24.26,25.28,24.23,24.99,24.66,1.3382,42251.52,104866.101
301507.SZ,20250225,12.63,12.71,12.53,12.56,12.72,-1.2579,27411.0,34572.848
301508.SZ,20250225,37.2,37.46,35.73,36.08,36.53,-1.2319,72713.89,265459.988
301509.SZ,20250225,25.89,26.04,25.7,25.89,26.13,-0.9185,15825.59,40931.288
301510.SZ,20250225,44.82,47.99,44.82,46.33,48.02,-3.5194,235461.4,1098788.222
301511.SZ,20250225,15.3,16.2,15.25,15.86,15.58,1.7972,282273.75,447865.948
301512.SZ,20250225,47.24,49.53,46.5,48.95,48.25,1.4508,19657.45,95629.353
301515.SZ,20250225,19.36,19.47,19.23,19.31,19.5,-0.9744,11181.0,21630.649
301516.SZ,20250225,18.62,18.64,18.2,18.36,18.89,-2.8057,90859.96,167144.899
301517.SZ,20250225,50.83,51.72,50.5,51.2,51.46,-0.5052,20636.3,105810.364
301518.SZ,20250225,16.9,16.95,16.78,16.83,17.0,-1.0,6835.05,11534.23
301519.SZ,20250225,13.53,13.75,13.52,13.7,13.69,0.073,19342.72,26421.224
301520.SZ,20250225,43.98,45.09,42.72,43.03,42.81,0.5139,40592.78,178177.658
301522.SZ,20250225,35.65,36.33,35.3,36.0,35.94,0.1669,50939.0,183272.635
301525.SZ,20250225,77.5,79.98,76.0,77.8,80.2,-2.9925,28430.12,220841.128
301526.SZ,20250225,3.5,3.6,3.45,3.57,3.53,1.1331,369066.0,131219.555
301528.SZ,20250225,41.58,42.46,41.21,42.07,41.65,1.0084,8758.95,36737.292
301529.SZ,20250225,30.54,31.15,30.46,31.05,30.78,0.8772,8299.57,25687.404
301533.SZ,20250225,32.64,33.88,32.2,32.3,33.21,-2.7401,49645.58,162836.313
301536.SZ,20250225,80.99,84.85,80.5,82.35,83.01,-0.7951,59781.59,494710.624
301538.SZ,20250225,73.02,74.43,73.02,73.28,73.79,-0.6912,4784.6,35214.415
301539.SZ,20250225,19.68,20.04,19.65,19.9,19.86,0.2014,27009.72,53816.29
301548.SZ,20250225,48.63,50.55,48.45,49.02,49.41,-0.7893,33545.8,166448.329
301550.SZ,20250225,130.49,135.65,125.02,131.8,135.18,-2.5004,39077.3,510252.989
301551.SZ,20250225,58.28,59.25,57.65,57.7,58.87,-1.9874,27621.2,161666.091
301552.SZ,20250225,52.9,55.2,52.85,54.14,53.25,1.6714,16257.55,88272.321
301555.SZ,20250225,24.51,24.81,24.36,24.66,24.72,-0.2427,15648.0,38547.739
301556.SZ,20250225,102.3,105.97,101.08,103.1,110.93,-7.0585,49081.64,507018.313
301558.SZ,20250225,8.96,9.16,8.96,9.03,9.16,-1.4192,136661.73,123996.195
301559.SZ,20250225,15.22,15.33,15.17,15.22,15.27,-0.3274,12050.18,18391.625
301565.SZ,20250225,23.75,24.9,23.55,23.65,23.35,1.2848,122262.79,296484.15
301566.SZ,20250225,15.94,16.41,15.87,16.23,16.17,0.3711,68685.87,111323.831
301567.SZ,20250225,45.0,46.3,45.0,45.3,45.66,-0.7884,11611.0,52960.535
301568.SZ,20250225,42.0,43.99,41.72,42.99,43.19,-0.4631,68889.4,295930.032
301571.SZ,20250225,43.25,45.93,43.13,45.13,43.8,3.0365,46391.65,207772.819
301577.SZ,20250225,58.95,60.13,58.65,59.35,60.19,-1.3956,10310.74,61241.068
301578.SZ,20250225,51.1,55.58,51.02,54.03,52.04,3.824,34114.07,183357.323
301580.SZ,20250225,56.49,56.75,55.85,56.31,56.33,-0.0355,10401.58,58658.507
301581.SZ,20250225,57.49,58.49,57.1,58.02,58.31,-0.4973,23797.45,137887.146
301585.SZ,20250225,53.06,54.35,51.86,54.33,54.2,0.2399,47524.45,252301.677
301586.SZ,20250225,51.89,54.45,51.89,53.97,53.52,0.8408,13299.0,71329.151
301587.SZ,20250225,24.7,24.92,24.4,24.8,24.96,-0.641,18167.33,44894.967
301588.SZ,20250225,20.08,20.08,19.8,19.91,20.09,-0.896,11691.61,23269.432
301589.SZ,20250225,173.0,178.59,172.0,175.3,175.89,-0.3354,10086.87,176864.574
301591.SZ,20250225,40.8,42.7,40.0,41.9,41.35,1.3301,49040.99,205498.482
301592.SZ,20250225,137.57,142.0,137.49,138.42,139.21,-0.5675,8788.05,122437.132
301596.SZ,20250225,144.02,148.88,142.9,144.85,147.47,-1.7766,22210.0,322752.752
301598.SZ,20250225,73.0,78.16,72.0,76.73,74.43,3.0902,33351.05,252148.298
301600.SZ,20250225,168.29,171.26,167.0,167.4,170.25,-1.674,15272.0,257205.205
301601.SZ,20250225,31.43,32.54,31.43,32.25,31.94,0.9706,39107.69,126074.672
301602.SZ,20250225,28.51,30.28,27.87,29.8,29.31,1.6718,146946.78,429093.826
301603.SZ,20250225,45.0,49.5,45.0,48.37,45.6,6.0746,70663.61,339418.248
301606.SZ,20250225,44.55,45.45,43.91,45.0,45.18,-0.3984,36282.16,162042.29
301607.SZ,20250225,39.18,40.11,39.18,39.65,40.15,-1.2453,14587.0,58034.668
301608.SZ,20250225,75.94,77.28,75.33,76.21,77.01,-1.0388,17710.19,135404.43
301611.SZ,20250225,58.99,64.22,58.78,62.67,60.28,3.9648,113075.61,701621.74
301613.SZ,20250225,60.82,61.8,60.51,60.73,61.25,-0.849,11048.87,67467.255
301617.SZ,20250225,48.56,49.29,48.48,48.76,49.05,-0.5912,14271.03,69738.32
301618.SZ,20250225,83.69,85.1,83.61,84.15,84.44,-0.3434,5702.13,48173.061
301622.SZ,20250225,68.44,73.5,68.06,71.49,69.76,2.4799,65227.36,466962.252
301626.SZ,20250225,98.88,100.67,98.3,98.88,100.7,-1.8073,8653.43,86086.074
301628.SZ,20250225,89.72,91.42,88.64,90.26,90.63,-0.4083,16131.0,145410.783
301631.SZ,20250225,125.73,128.59,125.33,126.34,127.0,-0.5197,10338.12,131263.72
301633.SZ,20250225,84.71,85.45,83.77,84.56,85.56,-1.1688,7700.0,65201.127
302132.SZ,20250225,64.0,64.6,63.79,63.82,64.8,-1.5123,87965.72,564475.728
920017.BJ,20250225,15.03,15.21,14.81,14.83,15.27,-2.8815,24651.41,36889.388
920047.BJ,20250225,13.91,14.13,13.41,13.46,14.1,-4.539,40612.16,56067.735
920090.BJ,20250225,7.4,7.83,7.29,7.53,7.52,0.133,105556.21,79798.626
920139.BJ,20250225,28.29,29.48,27.89,28.29,29.29,-3.4141,134689.35,382476.312
920198.BJ,20250225,14.21,14.78,14.0,14.12,14.74,-4.2062,57613.8,83056.745
920300.BJ,20250225,16.55,17.5,16.2,16.24,16.46,-1.3366,83347.63,140394.223
920418.BJ,20250225,34.84,42.93,34.34,39.15,36.02,8.6896,144311.01,552833.908
920425.BJ,20250225,24.5,25.35,23.66,24.43,24.8,-1.4919,35975.68,88266.815
920476.BJ,20250225,11.21,11.5,11.05,11.2,11.48,-2.439,23198.91,26059.88
920478.BJ,20250225,19.2,19.35,18.73,18.87,19.42,-2.8321,20926.45,39771.159
920489.BJ,20250225,20.3,23.0,20.2,22.16,20.84,6.334,161111.61,353850.809
920510.BJ,20250225,22.0,24.42,21.66,24.2,23.08,4.8527,87732.39,207177.29
920556.BJ,20250225,11.6,11.94,11.31,11.64,12.3,-5.3659,190090.02,220777.052
920564.BJ,20250225,22.01,23.4,21.61,22.65,22.82,-0.745,20785.89,47104.809
920685.BJ,20250225,12.0,12.18,11.7,11.79,12.18,-3.202,5882.34,7010.26
920718.BJ,20250225,15.82,16.39,15.61,16.11,16.05,0.3738,30849.57,49609.934
600000.SH,20250225,10.2,10.25,10.07,10.1,10.21,-1.0774,371598.66,377213.137
600004.SH,20250225,9.14,9.15,9.07,9.09,9.17,-0.8724,150128.5,136695.799
600006.SH,20250225,7.5,7.75,7.45,7.59,7.57,0.2642,471178.33,358450.095
600007.SH,20250225,23.4,23.56,23.08,23.13,23.47,-1.4487,20506.17,47677.871
600008.SH,20250225,3.07,3.08,3.03,3.04,3.08,-1.2987,948346.39,289202.168
600009.SH,20250225,32.66,32.7,32.4,32.47,32.84,-1.1267,98345.92,319865.752
600010.SH,20250225,1.84,1.87,1.82,1.85,1.85,0.0,4006373.53,738339.899
600011.SH,20250225,6.59,6.63,6.54,6.56,6.6,-0.6061,367646.81,241671.406
600012.SH,20250225,17.17,17.49,17.03,17.17,17.19,-0.1163,81216.19,140176.792
600015.SH,20250225,7.18,7.21,7.15,7.16,7.19,-0.4172,258493.31,185597.642
600016.SH,20250225,4.12,4.14,4.1,4.1,4.12,-0.4854,1184867.45,487294.61
600017.SH,20250225,2.97,2.98,2.94,2.95,2.98,-1.0067,244677.0,72395.413
600018.SH,20250225,5.66,5.66,5.53,5.53,5.65,-2.1239,457438.25,255298.171
600019.SH,20250225,6.7,6.74,6.62,6.63,6.72,-1.3393,510418.64,341170.108
600020.SH,20250225,4.0,4.0,3.93,3.93,4.0,-1.75,83951.01,33247.043
600021.SH,20250225,8.8,8.8,8.65,8.67,8.82,-1.7007,336900.68,293845.452
600022.SH,20250225,1.39,1.4,1.38,1.38,1.4,-1.4286,454176.78,63091.728
600023.SH,20250225,5.48,5.55,5.42,5.46,5.52,-1.087,520297.32,285797.101
600025.SH,20250225,8.76,8.8,8.7,8.71,8.77,-0.6842,208668.05,182268.849
600026.SH,20250225,11.35,11.55,11.31,11.4,11.42,-0.1751,339625.92,387679.11
600027.SH,20250225,5.38,5.55,5.34,5.47,5.43,0.7366,877080.0,479341.849
600028.SH,20250225,5.87,5.9,5.81,5.82,5.88,-1.0204,1492082.09,873514.373
600029.SH,20250225,5.81,5.95,5.76,5.8,5.85,-0.8547,1185805.07,696628.405
600030.SH,20250225,28.1,28.22,27.72,27.83,28.35,-1.8342,1038603.61,2906055.926
600031.SH,20250225,17.72,18.18,17.61,17.9,17.84,0.3363,805857.16,1447158.243
600032.SH,20250225,7.34,7.4,7.29,7.36,7.36,0.0,61233.0,45026.806
600033.SH,20250225,3.77,3.77,3.72,3.72,3.77,-1.3263,155717.0,58253.229
600035.SH,20250225,4.29,4.29,4.22,4.23,4.31,-1.8561,113544.63,48290.115
600036.SH,20250225,41.15,41.44,40.91,41.03,41.27,-0.5815,507321.2,2088784.244
600037.SH,20250225,7.77,7.83,7.62,7.65,7.84,-2.4235,186090.99,143465.198
600038.SH,20250225,37.61,37.97,37.25,37.42,37.97,-1.4485,94942.01,356713.568
600039.SH,20250225,7.2,7.22,7.08,7.13,7.2,-0.9722,255772.4,183082.711
600048.SH,20250225,8.29,8.43,8.25,8.34,8.35,-0.1198,1336694.61,1117773.894
600050.SH,20250225,6.53,6.76,6.49,6.63,6.73,-1.4859,9009093.09,5965230.333
600051.SH,20250225,6.7,6.76,6.63,6.66,6.76,-1.4793,28003.0,18723.764
600052.SH,20250225,4.59,5.02,4.54,4.85,4.56,6.3596,326601.77,158926.554
600053.SH,20250225,13.5,13.62,13.42,13.49,13.64,-1.0997,33474.33,45252.332
600054.SH,20250225,11.43,11.56,11.34,11.37,11.49,-1.0444,52040.46,59664.567
600055.SH,20250225,17.81,18.39,17.77,18.15,18.2,-0.2747,105092.05,190301.524
600056.SH,20250225,10.75,10.75,10.65,10.66,10.79,-1.2048,116463.97,124420.419
600057.SH,20250225,5.91,5.95,5.88,5.92,5.94,-0.3367,84334.12,49831.116
600058.SH,20250225,7.48,7.52,7.36,7.5,7.47,0.4016,167772.34,125145.577
600059.SH,20250225,8.28,8.3,8.21,8.25,8.31,-0.722,94606.0,78041.545
600060.SH,20250225,22.56,22.65,21.88,21.89,22.51,-2.7543,139133.78,308524.358
600061.SH,20250225,7.29,7.3,7.17,7.18,7.33,-2.0464,254254.89,183679.917
600062.SH,20250225,18.6,18.6,18.4,18.43,18.69,-1.3911,112241.45,207464.024
600063.SH,20250225,3.92,3.96,3.86,3.88,3.96,-2.0202,190940.27,74453.298
600064.SH,20250225,7.06,7.08,6.98,6.99,7.11,-1.6878,141498.22,99413.946
600066.SH,20250225,25.3,25.86,25.05,25.43,25.5,-0.2745,240294.65,614855.659
600067.SH,20250225,2.52,2.57,2.51,2.53,2.54,-0.3937,138312.0,35178.229
600070.SH,20250225,1.27,1.34,1.25,1.3,1.29,0.7752,214359.59,27705.369
600071.SH,20250225,22.97,23.55,22.7,23.0,22.98,0.087,47346.2,109737.132
600072.SH,20250225,12.23,12.24,12.03,12.08,12.25,-1.3878,160255.94,194439.524
600073.SH,20250225,6.3,6.35,6.27,6.31,6.35,-0.6299,96489.15,60908.636
600075.SH,20250225,4.42,4.43,4.33,4.35,4.45,-2.2472,119210.18,52207.687
600076.SH,20250225,2.06,2.1,2.03,2.05,2.07,-0.9662,204393.0,42348.178
600078.SH,20250225,5.51,5.53,5.38,5.41,5.55,-2.5225,88629.02,48358.602
600079.SH,20250225,19.92,19.96,19.46,19.52,20.03,-2.5462,310051.99,611423.594
600080.SH,20250225,7.8,7.9,7.74,7.78,7.9,-1.519,52813.0,41221.126
600081.SH,20250225,12.13,12.47,12.13,12.3,12.39,-0.7264,132812.3,163613.883
600082.SH,20250225,2.97,3.06,2.96,2.99,3.0,-0.3333,77817.0,23431.227
600084.SH,20250225,5.43,5.52,5.4,5.45,5.53,-1.4467,58962.0,32130.459
600085.SH,20250225,36.1,36.19,35.83,35.89,36.33,-1.2111,67661.59,243539.044
600088.SH,20250225,18.12,18.17,17.75,17.78,18.25,-2.5753,65067.01,116694.462
600089.SH,20250225,12.06,12.09,12.0,12.01,12.11,-0.8258,367244.41,441997.611
600094.SH,20250225,3.15,3.16,3.08,3.1,3.15,-1.5873,208920.0,65046.28
600095.SH,20250225,6.86,6.9,6.83,6.84,6.92,-1.1561,155035.02,106386.005
600096.SH,20250225,21.29,21.29,20.6,20.65,21.3,-3.0516,461208.75,962791.003
600097.SH,20250225,8.93,8.97,8.87,8.89,8.99,-1.1123,36800.0,32787.316
600098.SH,20250225,6.09,6.11,6.04,6.04,6.11,-1.1457,122124.0,74095.95
600099.SH,20250225,9.34,9.5,9.31,9.36,9.44,-0.8475,31501.01,29555.998
600100.SH,20250225,9.53,10.22,9.21,9.35,9.48,-1.3713,6118083.48,5904830.691
600101.SH,20250225,8.93,9.02,8.86,8.89,8.98,-1.0022,156663.13,139912.613
600103.SH,20250225,2.24,2.29,2.21,2.26,2.25,0.4444,579153.08,130683.58
600104.SH,20250225,17.2,17.23,16.95,17.02,17.38,-2.0713,783527.08,1336941.528
600105.SH,20250225,5.8,5.99,5.71,5.9,5.9,0.0,1135633.13,665274.123
600106.SH,20250225,6.08,6.18,6.01,6.04,6.12,-1.3072,238443.41,144889.442
600107.SH,20250225,4.57,4.63,4.52,4.57,4.63,-1.2959,74639.06,34243.46
600108.SH,20250225,2.83,2.84,2.8,2.81,2.87,-2.0906,318824.99,89836.804
600109.SH,20250225,8.65,8.72,8.63,8.65,8.76,-1.2557,254812.42,221032.525
600110.SH,20250225,4.35,4.45,4.3,4.4,4.35,1.1494,362872.07,159315.462
600111.SH,20250225,22.9,23.05,22.75,22.8,23.06,-1.1275,347936.56,795567.7
600113.SH,20250225,12.74,13.1,12.74,12.85,12.87,-0.1554,30095.68,38791.166
600115.SH,20250225,3.8,3.87,3.77,3.81,3.81,0.0,943142.65,361188.025
600116.SH,20250225,6.75,6.78,6.71,6.73,6.77,-0.5908,58088.28,39180.988
600117.SH,20250225,2.19,2.21,2.17,2.18,2.2,-0.9091,85381.0,18683.989
600118.SH,20250225,27.6,28.14,27.5,27.74,28.07,-1.1756,167759.39,467722.19
600119.SH,20250225,8.32,8.6,8.24,8.27,8.41,-1.6647,71869.56,60422.843
600120.SH,20250225,7.15,7.62,7.1,7.4,7.32,1.0929,2322377.15,1724950.671
600121.SH,20250225,3.78,3.82,3.74,3.75,3.79,-1.0554,213469.2,80769.955
600123.SH,20250225,7.69,7.78,7.65,7.7,7.71,-0.1297,110038.94,84978.069
600125.SH,20250225,5.62,5.63,5.56,5.57,5.65,-1.4159,89641.75,50197.887
600126.SH,20250225,10.2,12.16,10.2,12.16,11.05,10.0452,6662064.01,7762550.659
600127.SH,20250225,6.65,6.71,6.57,6.59,6.76,-2.5148,198899.76,131990.113
600128.SH,20250225,9.71,9.81,9.61,9.67,9.84,-1.7276,155720.32,150992.588
600129.SH,20250225,19.5,19.57,19.25,19.32,19.61,-1.4788,111227.87,215972.44
600130.SH,20250225,3.78,4.19,3.72,3.99,3.82,4.4503,971669.66,386907.185
600131.SH,20250225,20.7,21.55,20.27,20.94,21.13,-0.8992,295825.87,618651.578
600132.SH,20250225,56.53,56.64,55.3,55.33,56.72,-2.4506,41247.91,230687.028
600133.SH,20250225,9.91,10.13,9.87,9.97,10.04,-0.6972,222285.5,222481.532
600135.SH,20250225,6.69,6.81,6.68,6.72,6.78,-0.885,49761.8,33537.568
600136.SH,20250225,2.15,2.15,2.05,2.07,2.16,-4.1667,142266.69,29764.015
600137.SH,20250225,15.36,15.71,15.2,15.48,15.54,-0.3861,12465.0,19364.6
600138.SH,20250225,10.1,10.14,10.0,10.03,10.16,-1.2795,102932.02,103655.051
600141.SH,20250225,21.69,21.73,21.3,21.35,21.81,-2.1091,154036.32,331102.852
600143.SH,20250225,13.0,13.46,12.7,12.9,13.81,-6.5894,2701450.19,3547477.639
600148.SH,20250225,19.33,19.82,19.24,19.49,19.63,-0.7132,22280.19,43627.924
600149.SH,20250225,4.36,4.49,4.35,4.41,4.43,-0.4515,59675.0,26480.028
600150.SH,20250225,31.38,31.45,31.05,31.1,31.58,-1.5199,391987.87,1223888.011
600151.SH,20250225,6.72,6.91,6.67,6.78,6.76,0.2959,198656.84,135127.924
600152.SH,20250225,5.96,6.06,5.95,6.01,6.03,-0.3317,87852.0,52905.946
600153.SH,20250225,9.97,10.15,9.91,10.1,10.01,0.8991,260245.13,261952.765
600155.SH,20250225,7.35,7.44,7.31,7.37,7.45,-1.0738,317501.48,233902.944
600156.SH,20250225,4.71,4.89,4.68,4.87,4.75,2.5263,143379.01,69059.024
600157.SH,20250225,1.55,1.58,1.54,1.54,1.56,-1.2821,7077351.16,1099987.594
600158.SH,20250225,8.11,8.2,8.02,8.05,8.33,-3.3613,489019.77,394830.215
600159.SH,20250225,2.43,2.5,2.42,2.46,2.45,0.4082,193464.01,47705.158
600160.SH,20250225,23.83,23.99,23.53,23.68,23.98,-1.251,165497.49,392639.33
600161.SH,20250225,19.85,19.92,19.72,19.76,19.93,-0.853,108640.41,215122.304
600162.SH,20250225,1.83,1.85,1.8,1.82,1.83,-0.5464,316107.62,57776.667
600163.SH,20250225,5.16,5.19,5.1,5.11,5.19,-1.5414,112971.88,58146.433
600165.SH,20250225,3.84,3.84,3.79,3.84,3.66,4.918,157458.03,60332.534
600166.SH,20250225,2.36,2.42,2.34,2.38,2.37,0.4219,1405500.45,334998.56
600167.SH,20250225,5.35,5.39,5.3,5.34,5.37,-0.5587,40483.03,21660.46
600169.SH,20250225,2.62,2.65,2.6,2.62,2.63,-0.3802,225746.0,59370.704
600170.SH,20250225,2.53,2.57,2.5,2.52,2.53,-0.3953,1496982.55,379399.836
600171.SH,20250225,39.0,40.69,38.81,39.7,39.78,-0.2011,650652.99,2599296.116
600172.SH,20250225,4.41,4.56,4.34,4.45,4.49,-0.8909,816878.98,365639.556
600173.SH,20250225,6.16,6.24,5.95,6.09,6.14,-0.8143,291700.61,176717.953
600176.SH,20250225,11.48,11.65,11.39,11.45,11.59,-1.2079,395840.36,456489.652
600177.SH,20250225,8.09,8.15,8.03,8.06,8.11,-0.6165,229924.23,185933.605
600178.SH,20250225,12.3,12.64,12.2,12.42,12.47,-0.401,195388.95,243583.913
600179.SH,20250225,2.85,2.89,2.8,2.8,2.83,-1.0601,1124861.48,319715.292
600180.SH,20250225,4.12,4.18,4.09,4.1,4.16,-1.4423,77700.81,32076.585
600182.SH,20250225,16.8,17.07,16.7,16.84,16.85,-0.0593,24975.0,42220.488
600183.SH,20250225,31.46,32.0,31.04,31.23,32.46,-3.7893,493507.57,1547801.039
600184.SH,20250225,12.72,12.81,12.45,12.52,12.87,-2.7195,170132.28,214028.242
600185.SH,20250225,5.53,5.62,5.47,5.49,5.6,-1.9643,295570.03,164058.661
600186.SH,20250225,6.7,6.83,6.63,6.7,6.91,-3.0391,1401946.26,940568.782
600187.SH,20250225,3.76,3.9,3.72,3.73,3.84,-2.8646,1245236.43,473209.672
600188.SH,20250225,13.22,13.8,13.18,13.43,13.29,1.0534,646693.53,875805.7
600189.SH,20250225,7.25,7.29,7.15,7.16,7.3,-1.9178,82265.4,59252.682
600190.SH,20250225,1.36,1.39,1.35,1.38,1.36,1.4706,149592.35,20561.809
600191.SH,20250225,7.39,7.68,7.38,7.65,7.54,1.4589,121979.41,92386.255
600192.SH,20250225,6.37,6.53,6.18,6.21,6.44,-3.5714,225449.02,141996.154
600193.SH,20250225,3.85,3.93,3.81,3.84,3.95,-2.7848,262341.39,101151.469
600195.SH,20250225,6.4,6.4,6.24,6.25,6.44,-2.9503,162663.88,102614.928
600196.SH,20250225,25.3,25.31,25.11,25.16,25.51,-1.372,117903.77,297169.565
600197.SH,20250225,15.61,15.64,15.46,15.49,15.73,-1.5257,52507.66,81592.401
600198.SH,20250225,9.82,10.3,9.82,9.91,10.01,-0.999,746708.0,752119.257
600199.SH,20250225,11.91,11.99,11.8,11.86,12.02,-1.3311,128098.0,152255.4
600200.SH,20250225,9.01,9.06,8.88,8.9,9.09,-2.0902,123239.37,110491.916
600201.SH,20250225,6.48,6.49,6.4,6.41,6.54,-1.9878,163631.77,105238.666
600202.SH,20250225,4.77,4.87,4.76,4.81,4.82,-0.2075,92252.01,44475.844
600203.SH,20250225,12.17,12.17,11.96,12.17,11.06,10.0362,515495.23,627267.75
600206.SH,20250225,18.26,18.58,17.96,18.08,18.78,-3.7274,726038.02,1327101.718
600207.SH,20250225,4.49,4.58,4.45,4.55,4.52,0.6637,225772.0,102788.77
600208.SH,20250225,3.06,3.08,3.02,3.03,3.08,-1.6234,958428.35,292446.144
600210.SH,20250225,6.51,6.51,6.3,6.32,6.53,-3.2159,354762.83,226548.549
600211.SH,20250225,35.14,35.15,34.82,34.87,35.23,-1.0219,22732.7,79439.854
600212.SH,20250225,7.6,7.85,7.53,7.71,7.66,0.6527,183407.0,141520.888
600215.SH,20250225,8.7,8.93,8.61,8.76,8.78,-0.2278,194989.41,172203.87
600216.SH,20250225,15.3,15.84,15.19,15.38,15.41,-0.1947,194847.76,303385.642
600217.SH,20250225,5.31,5.34,5.22,5.24,5.34,-1.8727,344356.72,181536.028
600218.SH,20250225,8.6,8.96,8.53,8.65,8.81,-1.8161,314839.46,274277.738
600219.SH,20250225,3.8,3.84,3.77,3.78,3.82,-1.0471,1002184.25,380044.435
600221.SH,20250225,1.55,1.58,1.54,1.55,1.56,-0.641,4126540.43,643723.973
600222.SH,20250225,5.49,5.63,5.45,5.55,5.53,0.3617,262018.3,145614.676
600223.SH,20250225,7.03,7.07,6.98,6.99,7.09,-1.4104,110010.98,77227.967
600225.SH,20250225,0.24,0.25,0.23,0.25,0.23,8.6957,737092.08,18096.234
600226.SH,20250225,2.86,2.89,2.82,2.85,2.88,-1.0417,261070.91,74689.647
600227.SH,20250225,2.34,2.41,2.31,2.33,2.37,-1.6878,310555.04,73286.126
600228.SH,20250225,5.11,5.23,5.06,5.11,5.18,-1.3514,176847.15,91130.145
600229.SH,20250225,7.3,7.5,7.16,7.29,7.37,-1.0855,138777.78,101969.301
600230.SH,20250225,10.71,10.78,10.61,10.63,10.79,-1.4829,35641.01,38085.016
600231.SH,20250225,1.71,1.73,1.68,1.71,1.72,-0.5814,125544.3,21471.145
600232.SH,20250225,5.51,5.6,5.47,5.49,5.58,-1.6129,42626.0,23593.66
600233.SH,20250225,13.75,13.8,13.51,13.54,13.85,-2.2383,194105.74,264860.605
600234.SH,20250225,5.67,5.78,5.61,5.61,5.7,-1.5789,15134.0,8581.066
600235.SH,20250225,6.06,6.06,5.93,5.96,6.08,-1.9737,66287.99,39632.952
600236.SH,20250225,6.24,6.27,6.15,6.16,6.25,-1.44,140886.65,87360.57
600237.SH,20250225,7.08,7.22,7.08,7.14,7.15,-0.1399,168345.21,120448.248
600238.SH,20250225,5.79,5.83,5.72,5.74,5.81,-1.2048,88458.0,51062.806
600239.SH,20250225,2.55,2.62,2.52,2.53,2.56,-1.1719,379047.14,97268.484
600241.SH,20250225,7.12,7.28,7.05,7.17,7.16,0.1397,30471.0,21875.02
600243.SH,20250225,3.12,3.29,3.06,3.16,3.12,1.2821,326501.0,104361.236
600246.SH,20250225,6.35,6.9,6.18,6.9,6.27,10.0478,945709.3,628461.584
600248.SH,20250225,4.38,4.38,4.23,4.24,4.33,-2.0785,338206.25,145127.869
600249.SH,20250225,5.39,5.44,5.32,5.33,5.4,-1.2963,71153.5,38202.594
600250.SH,20250225,8.49,8.62,8.42,8.45,8.54,-1.0539,76608.33,65292.483
600251.SH,20250225,7.06,7.13,7.04,7.05,7.2,-2.0833,105306.55,74491.99
600252.SH,20250225,2.43,2.46,2.41,2.42,2.45,-1.2245,296337.0,72128.872
600255.SH,20250225,4.1,4.18,4.03,4.08,4.2,-2.8571,2414182.09,985242.732
600256.SH,20250225,6.04,6.08,5.98,6.06,6.06,0.0,489640.23,296142.033
600257.SH,20250225,4.82,4.85,4.75,4.77,4.85,-1.6495,145109.0,69419.568
600258.SH,20250225,12.83,13.11,12.78,12.81,12.95,-1.0811,138587.03,179086.658
600259.SH,20250225,30.55,30.99,30.29,30.35,30.68,-1.0756,60467.51,184623.478
600261.SH,20250225,3.44,3.47,3.42,3.44,3.47,-0.8646,187392.0,64592.749
600262.SH,20250225,18.92,19.01,18.72,18.83,19.13,-1.5682,25290.59,47767.758
600265.SH,20250225,16.68,16.68,16.2,16.32,16.68,-2.1583,8970.13,14666.388
600266.SH,20250225,5.05,5.13,5.0,5.03,5.1,-1.3725,297899.9,151304.835
600267.SH,20250225,8.7,8.78,8.6,8.64,8.72,-0.9174,98534.0,85543.681
600268.SH,20250225,7.61,7.66,7.5,7.52,7.67,-1.9557,146173.48,110703.435
600269.SH,20250225,5.13,5.19,5.12,5.15,5.17,-0.3868,162851.72,83817.505
600271.SH,20250225,9.92,10.06,9.86,9.9,10.04,-1.3944,264614.05,263043.696
600272.SH,20250225,15.26,16.33,15.18,15.93,15.42,3.3074,361815.42,566892.262
600273.SH,20250225,7.63,7.66,7.61,7.62,7.67,-0.6519,95511.22,72875.609
600276.SH,20250225,47.64,48.25,47.17,47.37,48.09,-1.4972,354331.99,1689640.415
600278.SH,20250225,6.66,6.76,6.63,6.66,6.73,-1.0401,59451.0,39804.463
600279.SH,20250225,5.09,5.12,5.04,5.06,5.11,-0.9785,90663.51,46107.402
600280.SH,20250225,3.45,3.77,3.45,3.77,3.43,9.9125,464479.5,172571.819
600281.SH,20250225,3.39,3.45,3.35,3.38,3.4,-0.5882,73559.0,25096.587
600282.SH,20250225,4.33,4.37,4.28,4.31,4.34,-0.6912,240033.09,103830.082
600283.SH,20250225,10.25,10.41,10.1,10.18,10.59,-3.8716,173740.09,178280.501
600284.SH,20250225,6.01,6.1,6.0,6.04,6.11,-1.1457,91821.11,55501.941
600285.SH,20250225,20.0,20.35,19.91,20.06,20.1,-0.199,56288.13,113131.12
600287.SH,20250225,4.47,4.48,4.43,4.45,4.47,-0.4474,19245.0,8577.262
600288.SH,20250225,9.63,10.15,9.53,9.88,9.77,1.1259,329742.25,327820.299
600289.SH,20250225,4.85,4.85,4.85,4.85,4.62,4.9784,7317.37,3548.924
600292.SH,20250225,12.11,12.49,12.02,12.08,12.22,-1.1457,221966.61,271504.815
600293.SH,20250225,3.05,3.08,3.01,3.03,3.05,-0.6557,130004.5,39633.509
600295.SH,20250225,9.14,9.23,9.05,9.16,9.15,0.1093,71835.25,65875.997
600298.SH,20250225,35.47,35.74,34.81,34.92,35.91,-2.7569,81911.01,287374.622
600299.SH,20250225,10.89,10.89,10.72,10.76,10.94,-1.6453,105512.31,114017.266
600300.SH,20250225,3.28,3.3,3.21,3.23,3.3,-2.1212,381553.0,124083.521
600301.SH,20250225,17.8,19.5,17.8,18.85,17.98,4.8387,225207.45,427273.714
600302.SH,20250225,5.69,6.04,5.58,6.04,5.49,10.0182,127778.01,75244.996
600303.SH,20250225,3.03,3.08,2.99,3.01,3.04,-0.9868,87314.1,26547.038
600305.SH,20250225,7.34,7.35,7.27,7.28,7.37,-1.2212,79717.94,58173.064
600307.SH,20250225,1.5,1.51,1.49,1.5,1.51,-0.6623,300514.0,45009.379
600308.SH,20250225,3.42,3.43,3.37,3.38,3.44,-1.7442,95308.2,32371.594
600309.SH,20250225,67.67,67.94,66.89,67.06,68.1,-1.5272,212913.0,1433608.876
600310.SH,20250225,4.39,4.5,4.34,4.36,4.39,-0.6834,461456.91,204697.644
600312.SH,20250225,16.2,16.22,15.5,15.53,16.27,-4.5482,334832.96,527629.459
600313.SH,20250225,6.82,6.9,6.73,6.73,7.0,-3.8571,480380.31,326085.354
600315.SH,20250225,16.98,17.57,16.9,17.2,17.19,0.0582,106596.32,184570.201
600316.SH,20250225,35.5,36.65,35.08,35.53,35.8,-0.7542,145384.64,521449.794
600318.SH,20250225,7.93,8.02,7.85,7.89,8.04,-1.8657,186633.4,148028.246
600319.SH,20250225,4.94,5.03,4.93,5.0,4.99,0.2004,18964.0,9457.579
600320.SH,20250225,3.75,3.76,3.7,3.7,3.74,-1.0695,247082.37,92046.517
600322.SH,20250225,2.32,2.57,2.31,2.57,2.34,9.8291,1366591.85,347223.625
600323.SH,20250225,22.7,23.16,22.47,22.89,22.7,0.837,79761.01,182258.538
600325.SH,20250225,5.51,5.53,5.44,5.46,5.55,-1.6216,385856.72,211628.158
600326.SH,20250225,7.17,7.26,7.04,7.13,7.29,-2.1948,693622.58,493481.818
600327.SH,20250225,5.2,5.31,5.16,5.21,5.26,-0.9506,347950.71,182466.399
600328.SH,20250225,7.38,7.46,7.33,7.35,7.39,-0.5413,166087.76,122744.225
600329.SH,20250225,30.12,30.2,29.68,29.78,30.32,-1.781,50343.99,150784.744
600330.SH,20250225,7.14,7.22,7.09,7.16,7.2,-0.5556,148951.85,106706.19
600331.SH,20250225,7.02,7.11,6.94,6.95,7.04,-1.2784,222256.78,155933.658
600332.SH,20250225,26.66,26.75,26.42,26.45,26.72,-1.0105,68802.27,182396.587
600333.SH,20250225,4.6,4.65,4.54,4.56,4.6,-0.8696,91028.65,41808.377
600335.SH,20250225,6.62,6.73,6.56,6.67,6.66,0.1502,190869.56,127191.366
600336.SH,20250225,7.0,7.12,6.95,6.96,7.08,-1.6949,130806.02,91860.499
600337.SH,20250225,1.88,2.05,1.87,1.96,1.91,2.6178,657874.48,130407.061
600338.SH,20250225,10.17,10.36,10.08,10.13,10.21,-0.7835,196497.98,200922.206
600339.SH,20250225,3.36,3.36,3.3,3.31,3.37,-1.7804,341144.08,113454.038
600340.SH,20250225,2.57,2.76,2.52,2.65,2.61,1.5326,2308688.94,615824.649
600343.SH,20250225,10.61,10.77,10.55,10.61,10.71,-0.9337,97667.02,104105.936
600345.SH,20250225,24.83,25.19,24.44,24.75,25.23,-1.9025,75016.0,185854.241
600346.SH,20250225,15.26,15.26,14.99,15.02,15.29,-1.7659,107784.76,162574.484
600348.SH,20250225,6.51,6.56,6.45,6.52,6.52,0.0,272841.0,178027.592
600350.SH,20250225,10.24,10.25,10.08,10.12,10.18,-0.5894,71808.81,72845.708
600351.SH,20250225,6.08,6.09,6.02,6.04,6.07,-0.4942,90694.31,54913.539
600352.SH,20250225,9.31,9.38,9.25,9.35,9.33,0.2144,170660.44,159241.82
600353.SH,20250225,8.6,8.95,8.51,8.79,8.6,2.2093,644734.42,565355.142
600354.SH,20250225,5.95,5.99,5.8,5.83,6.13,-4.894,454689.33,267609.963
600355.SH,20250225,3.76,4.16,3.7,4.16,3.78,10.0529,632721.26,256949.539
600356.SH,20250225,7.71,7.78,7.69,7.7,7.75,-0.6452,39930.96,30860.082
600358.SH,20250225,3.68,3.82,3.65,3.73,3.72,0.2688,280242.88,105129.911
600359.SH,20250225,6.5,6.53,6.39,6.41,6.6,-2.8788,113228.79,72922.043
600360.SH,20250225,5.03,5.3,4.99,5.26,5.08,3.5433,394205.78,204638.569
600361.SH,20250225,3.81,3.84,3.77,3.78,3.83,-1.3055,256247.4,97527.466
600362.SH,20250225,20.87,20.95,20.71,20.72,20.98,-1.2393,129186.01,268674.281
600363.SH,20250225,49.91,51.28,49.55,50.46,50.48,-0.0396,88057.21,445391.749
600365.SH,20250225,2.75,2.76,2.7,2.71,2.76,-1.8116,35325.0,9605.775
600366.SH,20250225,8.91,8.97,8.72,8.84,9.08,-2.6432,441384.17,389742.812
600367.SH,20250225,12.98,13.2,12.85,13.02,13.08,-0.4587,94503.13,123103.445
600368.SH,20250225,4.3,4.31,4.23,4.25,4.34,-2.0737,271540.98,115970.909
600369.SH,20250225,4.51,4.51,4.44,4.45,4.54,-1.9824,346368.87,155103.698
600370.SH,20250225,1.81,1.84,1.77,1.81,1.81,0.0,132871.5,24138.513
600371.SH,20250225,9.27,9.3,8.88,8.92,9.28,-3.8793,153846.08,137998.324
600372.SH,20250225,11.73,11.79,11.65,11.68,11.77,-0.7647,194065.51,227323.907
600373.SH,20250225,11.64,11.65,11.43,11.45,11.73,-2.387,153165.13,176487.232
600375.SH,20250225,6.11,6.22,6.1,6.1,6.16,-0.974,54501.83,33586.121
600376.SH,20250225,2.9,2.97,2.83,2.84,3.07,-7.4919,1275291.23,368795.24
600377.SH,20250225,14.59,14.88,14.51,14.74,14.63,0.7519,75774.78,111750.793
600378.SH,20250225,27.54,27.73,27.24,27.35,27.69,-1.2279,22056.0,60631.138
600379.SH,20250225,9.42,9.5,9.34,9.37,9.5,-1.3684,28359.1,26698.789
600380.SH,20250225,11.42,11.49,11.31,11.4,11.5,-0.8696,206430.53,235495.035
600381.SH,20250225,4.11,4.19,4.1,4.11,4.16,-1.2019,122345.22,50622.129
600382.SH,20250225,4.58,4.62,4.54,4.56,4.6,-0.8696,71390.28,32589.644
600383.SH,20250225,4.62,4.72,4.55,4.56,4.66,-2.1459,903644.56,418531.729
600386.SH,20250225,5.01,5.15,4.86,4.98,4.97,0.2012,337413.44,167784.056
600387.SH,20250225,3.13,3.14,3.08,3.09,3.12,-0.9615,34619.0,10761.082
600388.SH,20250225,12.05,12.16,11.99,12.05,12.05,0.0,81875.1,98905.353
600389.SH,20250225,13.65,13.66,13.51,13.53,13.75,-1.6,44893.28,60892.35
600390.SH,20250225,6.05,6.07,5.98,6.0,6.1,-1.6393,609572.35,367332.536
600391.SH,20250225,19.4,19.65,19.3,19.39,19.6,-1.0714,65966.01,128367.95
600392.SH,20250225,11.07,11.25,10.98,11.06,11.14,-0.7181,247114.6,274175.443
600395.SH,20250225,4.86,4.89,4.82,4.84,4.87,-0.616,106749.0,51819.022
600396.SH,20250225,2.57,2.61,2.54,2.55,2.58,-1.1628,107620.78,27704.8
600397.SH,20250225,5.15,5.25,5.09,5.1,5.13,-0.5848,313837.02,161774.938
600398.SH,20250225,7.67,7.76,7.54,7.57,7.67,-1.3038,338075.36,257987.174
600399.SH,20250225,5.49,5.49,5.39,5.4,5.53,-2.3508,441119.68,239433.5
600400.SH,20250225,2.34,2.4,2.32,2.36,2.36,0.0,296021.47,70274.059
600403.SH,20250225,2.7,2.76,2.67,2.7,2.72,-0.7353,92239.0,25090.542
600405.SH,20250225,5.69,5.79,5.53,5.65,5.8,-2.5862,683680.89,387255.669
600406.SH,20250225,23.29,23.48,23.1,23.14,23.47,-1.4061,336464.55,781424.137
600408.SH,20250225,1.83,1.87,1.81,1.84,1.85,-0.5405,185273.94,34235.614
600409.SH,20250225,5.55,5.57,5.45,5.47,5.59,-2.1467,175276.38,96487.092
600410.SH,20250225,10.23,10.88,9.83,10.46,10.6,-1.3208,2051592.53,2111410.189
600415.SH,20250225,13.15,13.48,13.05,13.25,13.21,0.3028,472243.85,628117.458
600416.SH,20250225,10.24,10.37,10.15,10.2,10.37,-1.6393,159884.96,164029.887
600418.SH,20250225,34.8,36.23,34.65,35.78,35.13,1.8503,1009119.64,3602265.025
600419.SH,20250225,9.09,9.48,9.01,9.18,9.08,1.1013,103338.59,95799.057
600420.SH,20250225,11.27,11.29,11.16,11.17,11.33,-1.4122,112413.67,125882.983
600421.SH,20250225,7.05,7.3,7.02,7.08,7.25,-2.3448,112554.07,80499.709
600422.SH,20250225,17.05,17.11,16.9,16.94,17.14,-1.1669,91566.1,155704.718
600423.SH,20250225,3.09,3.15,3.05,3.08,3.09,-0.3236,198513.0,61675.286
600425.SH,20250225,3.71,3.73,3.67,3.68,3.73,-1.3405,149159.0,55182.245
600426.SH,20250225,20.13,20.22,19.98,20.01,20.25,-1.1852,157493.25,315850.981
600428.SH,20250225,6.26,6.32,6.22,6.25,6.31,-0.9509,266323.0,167080.815
600429.SH,20250225,4.21,4.24,4.17,4.18,4.22,-0.9479,67684.63,28408.985
600433.SH,20250225,3.19,3.2,3.15,3.16,3.2,-1.25,132740.08,42111.543
600435.SH,20250225,10.7,11.06,10.68,10.87,10.83,0.3693,195799.41,213926.945
600436.SH,20250225,203.16,203.16,200.54,201.0,203.46,-1.2091,22634.85,456504.354
600438.SH,20250225,20.58,21.75,20.53,21.42,20.8,2.9808,922151.8,1967380.52
600439.SH,20250225,4.21,4.43,4.14,4.14,4.4,-5.9091,1482945.2,627717.176
600444.SH,20250225,15.13,15.24,15.01,15.02,15.26,-1.5727,15187.0,22938.72
600446.SH,20250225,17.72,19.79,17.55,19.79,17.99,10.0056,722175.22,1372091.334
600448.SH,20250225,2.86,2.89,2.83,2.85,2.86,-0.3497,101298.8,29024.585
600449.SH,20250225,14.32,14.41,14.12,14.2,14.51,-2.1365,90565.0,128976.609
600452.SH,20250225,9.31,9.47,9.25,9.4,9.38,0.2132,115930.92,108634.589
600455.SH,20250225,22.99,23.94,22.95,23.0,23.38,-1.6253,15105.0,35090.532
600456.SH,20250225,28.39,29.21,27.98,28.35,28.46,-0.3865,80454.52,229335.913
600458.SH,20250225,11.63,12.91,11.4,12.7,11.74,8.1772,328452.14,404708.454
600459.SH,20250225,13.69,13.71,13.52,13.55,13.73,-1.311,66888.91,91086.622
600460.SH,20250225,26.75,27.41,26.66,27.02,27.14,-0.4422,344651.06,932130.562
600461.SH,20250225,9.13,9.14,8.98,8.99,9.13,-1.5334,113003.0,102244.066
600462.SH,20250225,1.43,1.46,1.41,1.43,1.42,0.7042,93847.01,13412.839
600463.SH,20250225,10.35,10.67,10.3,10.39,10.4,-0.0962,61793.0,64851.754
600467.SH,20250225,2.25,2.28,2.22,2.23,2.27,-1.7621,419214.0,93989.003
600468.SH,20250225,4.38,4.42,4.35,4.36,4.42,-1.3575,192710.5,84417.837
600469.SH,20250225,5.94,6.0,5.89,5.91,5.98,-1.1706,34334.5,20393.876
600470.SH,20250225,5.56,5.59,5.46,5.47,5.63,-2.8419,187011.01,103373.155
600475.SH,20250225,8.93,8.94,8.88,8.91,8.98,-0.7795,30658.58,27324.885
600476.SH,20250225,17.9,18.35,17.6,18.04,18.39,-1.9032,136678.01,245651.082
600477.SH,20250225,2.94,2.99,2.88,2.92,2.96,-1.3514,697788.93,204110.695
600478.SH,20250225,4.4,4.47,4.36,4.42,4.44,-0.4505,210965.7,93485.603
600479.SH,20250225,10.12,10.13,10.02,10.03,10.14,-1.0848,40986.23,41271.896
600480.SH,20250225,16.48,16.76,16.07,16.39,16.78,-2.3242,438929.33,720065.782
600481.SH,20250225,5.96,6.4,5.93,6.17,6.02,2.4917,1037386.68,643433.542
600482.SH,20250225,22.31,22.47,22.01,22.06,22.39,-1.4739,194907.0,433314.863
600483.SH,20250225,9.18,9.21,9.08,9.09,9.22,-1.41,157189.27,143560.562
600486.SH,20250225,52.13,52.39,51.13,51.22,52.39,-2.2333,29269.67,150847.072
600487.SH,20250225,16.6,16.8,16.42,16.48,16.85,-2.1958,714501.08,1187005.483
600488.SH,20250225,4.26,4.31,4.21,4.22,4.28,-1.4019,45918.0,19479.325
600489.SH,20250225,12.75,12.84,12.49,12.5,12.68,-1.4196,549136.94,695191.27
600490.SH,20250225,3.37,3.45,3.36,3.38,3.37,0.2967,595006.8,203108.654
600491.SH,20250225,3.69,4.01,3.62,3.94,3.7,6.4865,540801.0,209560.577
600493.SH,20250225,5.37,5.44,5.32,5.35,5.41,-1.1091,31870.01,17117.78
600495.SH,20250225,3.96,3.99,3.93,3.95,3.99,-1.0025,135203.0,53548.021
600496.SH,20250225,3.01,3.05,2.99,3.02,3.03,-0.33,236674.76,71636.164
600497.SH,20250225,5.48,5.5,5.42,5.42,5.51,-1.6334,535061.17,292142.735
600498.SH,20250225,26.34,27.0,25.95,26.1,27.97,-6.6857,1058278.6,2795202.97
600499.SH,20250225,7.8,7.86,7.75,7.78,7.83,-0.6386,104375.32,81553.568
600500.SH,20250225,3.79,3.8,3.75,3.76,3.81,-1.3123,187373.0,70674.28
600501.SH,20250225,18.6,18.94,18.54,18.59,18.81,-1.1696,91366.72,171342.111
600502.SH,20250225,4.57,4.57,4.51,4.52,4.59,-1.5251,169295.8,76889.645
600503.SH,20250225,2.91,2.97,2.87,2.88,2.94,-2.0408,667087.05,194667.454
600505.SH,20250225,10.1,10.2,9.99,10.02,10.14,-1.1834,73210.0,73814.377
600506.SH,20250225,19.6,21.0,19.41,20.29,19.62,3.4149,270367.1,547874.309
600507.SH,20250225,4.14,4.15,4.1,4.11,4.16,-1.2019,180379.32,74291.36
600508.SH,20250225,12.2,12.22,12.0,12.02,12.19,-1.3946,56309.7,68038.243
600509.SH,20250225,6.38,6.59,6.31,6.35,6.49,-2.1572,819972.56,530028.24
600510.SH,20250225,4.86,5.04,4.79,4.94,4.84,2.0661,167427.01,82585.476
600511.SH,20250225,30.15,30.22,29.77,29.95,30.31,-1.1877,53975.05,161736.295
600512.SH,20250225,2.36,2.38,2.33,2.35,2.37,-0.8439,164748.0,38864.789
600513.SH,20250225,9.79,9.83,9.65,9.68,9.83,-1.5259,64388.0,62725.143
600515.SH,20250225,3.64,3.75,3.57,3.66,3.66,0.0,829910.94,304900.445
600516.SH,20250225,5.11,5.12,5.06,5.07,5.13,-1.1696,256942.61,130604.725
600517.SH,20250225,5.09,5.14,5.05,5.08,5.13,-0.9747,160851.1,81932.252
600518.SH,20250225,2.2,2.22,2.18,2.18,2.21,-1.3575,2480698.34,543949.062
600519.SH,20250225,1470.01,1473.39,1452.0,1454.0,1479.07,-1.695,28387.43,4142814.459
600520.SH,20250225,34.8,36.22,34.5,35.48,35.23,0.7096,117931.0,419140.106
600521.SH,20250225,15.1,15.16,14.92,14.95,15.19,-1.58,186144.67,279763.127
600522.SH,20250225,14.25,14.46,14.15,14.21,14.44,-1.5928,1072331.43,1530334.637
600523.SH,20250225,12.96,13.12,12.91,12.98,13.06,-0.6126,46943.0,61196.621
600525.SH,20250225,5.01,5.07,4.98,5.01,5.01,0.0,88870.31,44675.389
600526.SH,20250225,4.8,4.85,4.74,4.83,4.8,0.625,101235.93,48758.473
600527.SH,20250225,2.28,2.32,2.24,2.24,2.29,-2.1834,692095.8,157568.836
600528.SH,20250225,7.8,7.81,7.69,7.72,7.82,-1.2788,133366.07,103176.976
600529.SH,20250225,23.59,23.59,23.1,23.22,23.62,-1.6935,135518.42,316408.132
600530.SH,20250225,4.75,4.93,4.72,4.81,4.81,0.0,124332.75,59882.942
600531.SH,20250225,6.57,6.62,6.51,6.52,6.59,-1.0622,194067.84,127342.807
600533.SH,20250225,2.3,2.33,2.25,2.27,2.3,-1.3043,165198.0,37854.266
600535.SH,20250225,15.0,15.01,14.52,14.56,15.08,-3.4483,193663.0,284099.442
600536.SH,20250225,51.0,54.0,50.51,51.82,51.98,-0.3078,494886.74,2582231.079
600537.SH,20250225,3.01,3.11,3.01,3.06,3.03,0.9901,396397.1,121731.991
600538.SH,20250225,5.01,5.12,5.0,5.02,5.05,-0.5941,91598.51,46296.426
600540.SH,20250225,4.01,4.03,3.95,3.95,4.06,-2.7094,99490.08,39641.544
600543.SH,20250225,4.89,5.0,4.85,4.88,4.97,-1.8109,83430.0,41017.863
600545.SH,20250225,2.78,2.92,2.77,2.83,2.82,0.3546,1121610.74,320964.228
600546.SH,20250225,10.66,10.92,10.54,10.73,10.71,0.1867,233529.29,251415.893
600547.SH,20250225,24.79,25.0,24.25,24.26,24.61,-1.4222,307538.29,755485.773
600548.SH,20250225,11.43,11.57,11.34,11.46,11.42,0.3503,39146.33,44935.295
600549.SH,20250225,19.62,19.76,19.49,19.51,19.72,-1.0649,119507.81,234375.443
600550.SH,20250225,7.9,8.03,7.85,7.9,7.97,-0.8783,207882.09,165381.228
600551.SH,20250225,8.29,8.39,8.18,8.2,8.35,-1.7964,43650.71,36095.769
600552.SH,20250225,12.7,13.33,12.61,13.03,12.8,1.7969,626675.68,820040.105
600556.SH,20250225,5.65,5.74,5.58,5.63,5.75,-2.087,719585.0,406787.661
600557.SH,20250225,13.54,13.64,13.43,13.56,13.5,0.4444,86237.45,116884.254
600558.SH,20250225,4.45,4.54,4.41,4.46,4.52,-1.3274,198547.51,88824.494
600559.SH,20250225,18.75,18.75,18.5,18.52,18.85,-1.7507,165391.31,307648.514
600560.SH,20250225,16.7,17.31,16.68,16.98,17.01,-0.1764,88786.0,151930.421
600561.SH,20250225,5.72,5.8,5.66,5.68,5.72,-0.6993,33077.12,18930.105
600562.SH,20250225,19.16,19.86,18.9,19.6,19.33,1.3968,104981.16,205111.156
600563.SH,20250225,115.3,117.88,115.3,116.51,116.1,0.3531,17460.8,203826.888
600566.SH,20250225,26.88,27.05,26.61,26.76,26.94,-0.6682,40628.01,109056.714
600567.SH,20250225,1.74,1.75,1.72,1.72,1.75,-1.7143,917293.0,158970.844
600568.SH,20250225,1.3,1.37,1.29,1.35,1.3,3.8462,296289.93,39580.72
600569.SH,20250225,1.82,1.84,1.8,1.82,1.82,0.0,185047.66,33778.441
600570.SH,20250225,32.56,33.46,32.35,32.73,33.91,-3.4798,702203.21,2306217.13
600571.SH,20250225,14.11,14.48,14.01,14.15,14.45,-2.0761,282822.2,402882.671
600572.SH,20250225,4.43,4.43,4.38,4.39,4.44,-1.1261,261854.3,115156.676
600573.SH,20250225,10.35,10.38,10.15,10.17,10.39,-2.1174,33102.07,33871.782
600575.SH,20250225,3.1,3.14,3.07,3.08,3.12,-1.2821,401338.01,124622.295
600576.SH,20250225,8.45,8.63,8.28,8.36,8.49,-1.5312,165020.86,139342.16
600577.SH,20250225,7.08,7.22,7.01,7.08,7.19,-1.5299,814084.19,579437.609
600578.SH,20250225,3.4,3.41,3.36,3.36,3.41,-1.4663,227918.39,77097.181
600579.SH,20250225,8.88,9.19,8.81,9.05,9.06,-0.1104,208607.41,189073.302
600580.SH,20250225,27.7,30.44,27.55,29.29,28.69,2.0913,2004036.04,5836896.55
600581.SH,20250225,3.1,3.17,3.06,3.13,3.12,0.3205,256000.0,79979.698
600582.SH,20250225,5.92,5.92,5.83,5.87,5.93,-1.0118,404730.35,237961.025
600583.SH,20250225,5.04,5.07,5.0,5.03,5.05,-0.396,274667.12,138446.278
600584.SH,20250225,40.18,41.34,40.1,40.18,40.83,-1.592,779855.41,3159435.675
600585.SH,20250225,22.6,22.9,22.44,22.49,22.66,-0.7502,187937.77,425124.3
600586.SH,20250225,5.04,5.1,4.98,5.07,5.06,0.1976,200200.5,101151.578
600587.SH,20250225,16.57,16.64,16.4,16.48,16.68,-1.199,97890.8,161664.649
600588.SH,20250225,16.1,16.99,16.1,16.47,16.78,-1.8474,1232374.73,2037299.784
600589.SH,20250225,5.76,5.76,5.76,5.76,5.24,9.9237,206308.1,118833.466
600590.SH,20250225,9.0,9.88,8.28,8.98,9.2,-2.3913,2694156.03,2477186.379
600592.SH,20250225,12.46,13.65,12.42,13.32,12.68,5.0473,400411.36,521221.716
600593.SH,20250225,27.1,27.44,26.6,26.78,27.37,-2.1556,44035.0,118730.4
600594.SH,20250225,3.59,3.66,3.54,3.57,3.6,-0.8333,118790.13,42641.07
600595.SH,20250225,3.62,3.82,3.57,3.64,3.65,-0.274,906369.16,335562.002
600596.SH,20250225,8.93,9.08,8.8,8.86,9.02,-1.7738,172107.96,153305.234
600597.SH,20250225,8.21,8.22,8.13,8.15,8.24,-1.0922,85736.57,70117.565
600598.SH,20250225,14.21,14.21,13.88,13.9,14.42,-3.6061,345245.38,482571.252
600599.SH,20250225,10.14,10.41,10.14,10.27,10.5,-2.1905,17194.0,17728.073
600600.SH,20250225,68.35,68.45,67.18,67.3,68.67,-1.995,62825.86,423746.18
600601.SH,20250225,4.98,5.08,4.92,5.0,5.06,-1.1858,1397159.36,698444.638
600602.SH,20250225,26.0,29.38,25.5,28.8,26.71,7.8248,3139658.38,8861189.893
600603.SH,20250225,9.53,9.68,9.14,9.18,9.62,-4.5738,102845.44,95970.426
600604.SH,20250225,5.03,5.12,4.98,5.0,5.08,-1.5748,155107.57,78270.333
600605.SH,20250225,36.5,36.5,35.66,35.92,36.24,-0.883,28391.68,102148.047
600606.SH,20250225,1.9,1.93,1.88,1.89,1.91,-1.0471,858256.7,163271.336
600608.SH,20250225,3.24,3.39,3.16,3.39,3.23,4.9536,49662.32,16640.488
600609.SH,20250225,6.66,6.73,6.47,6.49,6.68,-2.8443,423794.82,278602.628
600610.SH,20250225,4.13,4.18,4.08,4.11,4.14,-0.7246,97195.0,40227.409
600611.SH,20250225,7.1,7.49,7.06,7.4,7.13,3.7868,1613034.95,1188142.056
600612.SH,20250225,51.58,51.85,51.03,51.09,51.68,-1.1416,10746.06,55235.273
600613.SH,20250225,6.72,6.72,6.58,6.58,6.7,-1.791,54685.6,36293.639
600615.SH,20250225,12.32,12.56,12.19,12.22,12.54,-2.5518,51526.39,63681.373
600616.SH,20250225,5.2,5.26,5.17,5.17,5.25,-1.5238,83046.76,43191.137
600617.SH,20250225,2.46,2.5,2.43,2.47,2.48,-0.4032,139406.92,34419.462
600618.SH,20250225,10.18,10.32,10.06,10.11,10.24,-1.2695,88911.5,90357.437
600619.SH,20250225,11.96,12.59,11.86,12.23,12.12,0.9076,467830.7,573867.814
600620.SH,20250225,5.39,5.53,5.34,5.39,5.44,-0.9191,62169.7,33885.212
600621.SH,20250225,14.77,14.92,14.71,14.74,14.98,-1.6021,151667.9,224807.79
600622.SH,20250225,3.38,3.71,3.36,3.42,3.4,0.5882,993554.97,345555.09
600623.SH,20250225,6.61,6.7,6.56,6.57,6.66,-1.3514,122454.19,80933.354
600624.SH,20250225,7.8,8.01,7.63,7.84,8.02,-2.2444,460524.85,359037.366
600626.SH,20250225,3.85,3.89,3.81,3.83,3.86,-0.7772,150326.03,57913.467
600628.SH,20250225,7.6,7.71,7.55,7.55,7.66,-1.436,128834.0,98245.177
600629.SH,20250225,8.22,8.29,8.12,8.18,8.33,-1.8007,191821.82,157200.423
600630.SH,20250225,8.62,8.77,8.57,8.64,8.7,-0.6897,110789.65,96109.251
600633.SH,20250225,15.65,16.24,15.53,15.53,17.26,-10.0232,1826070.9,2864601.827
600635.SH,20250225,4.1,4.16,4.08,4.11,4.15,-0.9639,434931.29,179114.656
600636.SH,20250225,8.37,8.37,8.18,8.22,8.51,-3.4078,138184.91,114172.441
600637.SH,20250225,8.2,8.28,8.05,8.07,8.29,-2.6538,580081.11,471359.992
600638.SH,20250225,5.08,5.14,5.05,5.06,5.12,-1.1719,52924.01,26966.902
600639.SH,20250225,10.72,10.75,10.62,10.63,10.77,-1.2999,41804.0,44651.58
600640.SH,20250225,13.55,13.74,13.4,13.54,13.78,-1.7417,85089.45,115381.006
600641.SH,20250225,14.78,15.34,14.56,14.98,14.78,1.3532,187731.48,281497.986
600642.SH,20250225,8.74,8.9,8.67,8.71,8.74,-0.3432,256943.3,225825.767
600643.SH,20250225,4.93,4.98,4.89,4.91,4.97,-1.2072,97793.18,48259.21
600644.SH,20250225,6.31,6.37,6.26,6.27,6.35,-1.2598,45000.0,28390.877
600645.SH,20250225,21.5,21.62,21.23,21.28,21.65,-1.709,67487.63,144585.846
600648.SH,20250225,11.79,11.79,11.65,11.68,11.79,-0.933,30459.35,35657.397
600649.SH,20250225,4.4,4.45,4.34,4.36,4.44,-1.8018,199495.44,87508.59
600650.SH,20250225,15.96,16.59,15.85,16.4,15.85,3.47,306981.69,501402.157
600651.SH,20250225,5.32,5.32,4.95,5.07,4.95,2.4242,1524454.05,779970.799
600653.SH,20250225,2.17,2.25,2.15,2.19,2.18,0.4587,587530.44,130230.57
600654.SH,20250225,3.6,3.74,3.55,3.68,3.63,1.3774,1208771.27,444916.289
600655.SH,20250225,5.62,5.64,5.57,5.58,5.64,-1.0638,101663.0,56883.113
600657.SH,20250225,4.61,4.74,4.56,4.62,4.68,-1.2821,298904.13,139548.764
600658.SH,20250225,4.62,4.71,4.58,4.67,4.66,0.2146,187642.15,87696.931
600660.SH,20250225,56.81,57.22,55.9,55.93,56.81,-1.549,140910.58,794963.263
600661.SH,20250225,11.16,11.33,11.05,11.13,11.29,-1.4172,75169.01,84111.741
600662.SH,20250225,5.4,5.42,5.31,5.35,5.4,-0.9259,103014.03,55322.034
600663.SH,20250225,9.02,9.07,8.96,8.97,9.07,-1.1025,51652.05,46471.0
600664.SH,20250225,3.67,3.68,3.63,3.63,3.69,-1.626,505878.01,184795.732
600665.SH,20250225,2.93,3.01,2.91,2.91,2.96,-1.6892,140498.59,41504.408
600666.SH,20250225,3.0,3.22,2.96,3.04,3.1,-1.9355,2588217.04,802877.992
600667.SH,20250225,7.16,7.3,7.12,7.16,7.25,-1.2414,377453.22,271549.166
600668.SH,20250225,10.03,10.14,9.97,10.04,10.09,-0.4955,20967.2,21115.917
600671.SH,20250225,9.81,9.93,9.78,9.84,9.88,-0.4049,4564.0,4498.637
600673.SH,20250225,11.5,11.63,11.25,11.5,11.5,0.0,375601.45,430746.695
600674.SH,20250225,15.13,15.16,14.84,14.88,15.13,-1.6523,346678.27,518820.34
600675.SH,20250225,2.79,2.83,2.76,2.77,2.81,-1.4235,149031.77,41583.419
600676.SH,20250225,4.45,4.57,4.41,4.51,4.46,1.1211,179595.71,81014.731
600678.SH,20250225,8.25,8.49,8.05,8.19,8.91,-8.0808,986186.53,816142.614
600679.SH,20250225,14.29,14.6,13.94,14.32,14.37,-0.3479,254721.39,365507.052
600681.SH,20250225,3.3,3.32,3.29,3.3,3.32,-0.6024,46528.48,15376.078
600682.SH,20250225,6.64,6.72,6.6,6.62,6.69,-1.0463,118157.4,78610.682
600683.SH,20250225,3.95,4.02,3.88,3.93,3.97,-1.0076,106201.0,42091.782
600684.SH,20250225,3.42,3.48,3.4,3.41,3.44,-0.8721,152867.81,52583.342
600685.SH,20250225,22.78,22.79,22.47,22.54,22.88,-1.486,80722.87,182569.352
600686.SH,20250225,13.57,14.39,13.41,14.05,13.65,2.9304,539573.19,755785.507
600688.SH,20250225,3.13,3.18,3.09,3.13,3.13,0.0,392969.13,123527.75
600689.SH,20250225,10.7,11.41,10.6,11.16,10.77,3.6212,97619.95,106922.839
600690.SH,20250225,26.52,26.57,25.88,25.99,26.66,-2.5131,631563.6,1652672.563
600691.SH,20250225,2.15,2.18,2.12,2.13,2.16,-1.3889,152023.0,32542.366
600692.SH,20250225,7.98,8.14,7.82,8.02,8.07,-0.6196,92355.66,74137.431
600693.SH,20250225,5.45,5.75,5.39,5.55,5.5,0.9091,640023.4,360288.104
600694.SH,20250225,23.77,24.62,23.59,24.36,23.76,2.5253,89870.6,218839.899
600696.SH,20250225,11.55,11.75,11.21,11.27,11.84,-4.8142,158451.26,180137.287
600697.SH,20250225,10.88,11.03,10.8,10.81,10.96,-1.3686,32245.0,35153.718
600698.SH,20250225,5.7,5.81,5.65,5.73,5.76,-0.5208,272790.19,156248.795
600699.SH,20250225,19.9,20.58,19.81,20.31,20.25,0.2963,375702.29,759620.547
600702.SH,20250225,55.8,55.8,54.61,54.78,56.43,-2.924,79607.83,439489.12
600703.SH,20250225,12.52,12.74,12.47,12.59,12.74,-1.1774,478095.82,602924.239
600704.SH,20250225,5.1,5.15,5.06,5.08,5.13,-0.9747,446582.62,228119.732
600705.SH,20250225,3.42,3.46,3.39,3.39,3.47,-2.3055,699278.0,239237.231
600706.SH,20250225,9.73,9.93,9.67,9.82,9.8,0.2041,100153.01,98456.859
600707.SH,20250225,7.74,7.83,7.62,7.77,7.81,-0.5122,330947.85,255836.947
600708.SH,20250225,3.28,3.32,3.23,3.23,3.28,-1.5244,242741.3,79359.603
600710.SH,20250225,10.38,10.51,10.12,10.27,10.5,-2.1905,467510.55,481753.532
600711.SH,20250225,4.86,4.94,4.84,4.86,4.89,-0.6135,473790.05,231722.256
600712.SH,20250225,5.76,5.85,5.67,5.7,5.78,-1.3841,124006.0,71355.246
600713.SH,20250225,4.87,4.88,4.81,4.82,4.9,-1.6327,81634.0,39548.559
600714.SH,20250225,10.0,10.13,9.91,9.93,10.0,-0.7,91119.75,91215.68
600715.SH,20250225,2.06,2.09,2.05,2.06,2.07,-0.4831,168982.02,34939.178
600716.SH,20250225,3.31,3.36,3.28,3.29,3.33,-1.2012,86709.4,28741.578
600717.SH,20250225,4.59,4.6,4.53,4.54,4.59,-1.0893,167726.9,76358.227
600718.SH,20250225,11.82,12.02,11.61,11.8,12.0,-1.6667,383594.48,452842.248
600719.SH,20250225,6.41,6.49,6.35,6.37,6.45,-1.2403,97380.02,62436.162
600720.SH,20250225,8.8,8.83,8.69,8.74,8.86,-1.3544,86357.0,75735.368
600721.SH,20250225,6.78,6.83,6.71,6.76,6.84,-1.1696,82679.0,55953.283
600722.SH,20250225,5.68,5.76,5.6,5.74,5.74,0.0,214976.58,122092.695
600724.SH,20250225,4.94,4.99,4.86,4.87,4.94,-1.417,141969.86,69883.903
600725.SH,20250225,3.15,3.2,3.13,3.13,3.16,-0.9494,257555.1,81325.038
600726.SH,20250225,2.2,2.23,2.18,2.2,2.21,-0.4525,212094.0,46824.236
600727.SH,20250225,7.21,7.21,7.1,7.12,7.24,-1.6575,78959.51,56391.634
600728.SH,20250225,5.53,5.72,5.46,5.58,5.59,-0.1789,716181.6,400165.108
600729.SH,20250225,26.73,27.8,26.61,27.69,26.82,3.2438,54844.0,150249.638
600730.SH,20250225,6.95,7.1,6.91,7.0,7.02,-0.2849,174516.94,122092.028
600731.SH,20250225,6.13,6.18,6.04,6.05,6.13,-1.3051,44797.1,27219.265
600732.SH,20250225,13.4,14.24,13.32,13.49,13.59,-0.7358,726301.41,1003678.355
600733.SH,20250225,8.15,8.37,8.1,8.25,8.22,0.365,1064691.19,880203.656
600734.SH,20250225,4.45,4.47,4.33,4.38,4.53,-3.3113,1248355.46,547873.957
600735.SH,20250225,4.92,5.16,4.88,5.03,4.95,1.6162,180908.0,90996.213
600736.SH,20250225,6.0,6.31,5.9,6.13,6.01,1.9967,638113.65,391916.066
600737.SH,20250225,9.37,9.38,9.22,9.24,9.4,-1.7021,228468.58,211890.708
600738.SH,20250225,4.77,4.94,4.76,4.83,4.83,0.0,164798.02,80142.051
600739.SH,20250225,10.72,10.83,10.64,10.73,10.78,-0.4638,147406.1,158181.747
600740.SH,20250225,3.75,3.77,3.72,3.73,3.76,-0.7979,133739.23,49977.968
600741.SH,20250225,17.43,17.98,17.25,17.71,17.52,1.0845,156798.81,277867.929
600742.SH,20250225,9.19,9.21,9.12,9.14,9.2,-0.6522,60336.36,55288.425
600743.SH,20250225,1.98,2.01,1.93,1.96,1.98,-1.0101,319949.2,63435.272
600744.SH,20250225,3.08,3.1,3.06,3.07,3.09,-0.6472,144443.88,44407.826
600745.SH,20250225,37.16,37.95,36.83,37.32,37.63,-0.8238,253207.49,946976.612
600746.SH,20250225,7.18,7.2,7.08,7.11,7.23,-1.6598,36932.0,26370.502
600748.SH,20250225,3.34,3.41,3.32,3.33,3.37,-1.1869,84031.9,28229.899
600749.SH,20250225,11.2,11.49,11.17,11.31,11.28,0.266,68264.01,77415.678
600750.SH,20250225,21.02,21.13,20.83,20.88,21.1,-1.0427,61141.51,128183.771
600751.SH,20250225,2.46,2.51,2.44,2.48,2.48,0.0,276497.0,68615.147
600753.SH,20250225,5.5,5.68,5.43,5.54,5.54,0.0,50629.76,28257.192
600754.SH,20250225,26.05,27.18,25.89,26.28,26.24,0.1524,157047.78,419091.99
600755.SH,20250225,6.31,6.35,6.26,6.32,6.31,0.1585,110473.33,69716.887
600756.SH,20250225,18.55,18.84,18.0,18.42,19.33,-4.7077,472844.98,867736.32
600757.SH,20250225,8.5,8.64,8.43,8.51,8.54,-0.3513,166154.74,141592.042
600758.SH,20250225,3.65,3.66,3.57,3.59,3.66,-1.9126,118569.91,42833.097
600759.SH,20250225,2.14,2.18,2.12,2.13,2.16,-1.3889,1055916.3,226668.275
600760.SH,20250225,45.08,45.28,44.25,44.7,45.36,-1.455,206516.13,923195.967
600761.SH,20250225,20.34,21.8,20.3,21.33,20.94,1.8625,456347.94,971915.503
600763.SH,20250225,44.5,44.8,43.94,44.05,45.16,-2.4579,60095.25,266627.514
600764.SH,20250225,26.0,26.31,25.7,25.88,26.18,-1.1459,40763.36,106007.736
600765.SH,20250225,17.32,17.41,17.12,17.18,17.49,-1.7724,240565.18,415710.069
600768.SH,20250225,9.37,9.55,9.33,9.36,9.54,-1.8868,19705.0,18607.478
600769.SH,20250225,9.9,10.25,9.8,9.9,9.94,-0.4024,85994.0,86543.642
600770.SH,20250225,4.49,4.68,4.46,4.58,4.57,0.2188,280599.55,128672.599
600771.SH,20250225,17.21,17.26,17.02,17.08,17.3,-1.2717,51609.63,88395.134
600773.SH,20250225,10.31,10.74,10.23,10.39,10.37,0.1929,100371.01,104942.755
600774.SH,20250225,7.34,8.1,7.34,7.53,7.45,1.0738,109956.03,83762.846
600775.SH,20250225,10.41,10.77,10.35,10.65,10.63,0.1881,285619.0,302720.888
600776.SH,20250225,12.02,12.31,11.98,12.06,12.27,-1.7115,203700.27,247030.908
600777.SH,20250225,2.45,2.53,2.45,2.5,2.49,0.4016,390884.8,97755.653
600778.SH,20250225,6.38,6.65,6.35,6.45,6.42,0.4673,277075.01,180866.52
600779.SH,20250225,48.59,48.64,47.56,47.59,49.2,-3.2724,65760.72,316121.565
600780.SH,20250225,5.43,5.44,5.32,5.33,5.45,-2.2018,82066.0,44072.686
600782.SH,20250225,3.82,3.86,3.76,3.77,3.84,-1.8229,314093.81,119502.919
600783.SH,20250225,12.31,12.38,12.19,12.23,12.41,-1.4504,40874.0,50212.951
600784.SH,20250225,6.0,6.15,5.98,6.13,6.05,1.3223,108374.15,66011.105
600785.SH,20250225,11.64,11.94,11.62,11.67,11.74,-0.5963,90679.01,106583.477
600787.SH,20250225,6.15,6.15,6.02,6.04,6.17,-2.107,334334.78,203689.863
600789.SH,20250225,9.43,9.47,9.28,9.32,9.53,-2.2036,488608.43,458302.703
600790.SH,20250225,3.56,3.56,3.51,3.52,3.57,-1.4006,114429.5,40481.337
600791.SH,20250225,4.14,4.23,4.12,4.17,4.16,0.2404,65148.81,27268.588
600792.SH,20250225,3.24,3.28,3.22,3.24,3.26,-0.6135,69815.0,22723.058
600793.SH,20250225,18.3,19.2,18.22,18.35,18.53,-0.9714,73244.64,136233.805
600794.SH,20250225,3.46,3.48,3.43,3.46,3.47,-0.2882,88110.09,30465.279
600795.SH,20250225,4.18,4.19,4.12,4.12,4.19,-1.6706,1387644.01,575525.577
600796.SH,20250225,6.06,6.06,5.92,5.93,6.11,-2.946,123206.5,73826.78
600797.SH,20250225,10.88,11.67,10.69,11.0,11.67,-5.7412,2676621.24,2990485.706
600798.SH,20250225,2.98,2.98,2.93,2.95,2.99,-1.3378,69879.0,20681.047
600800.SH,20250225,3.02,3.1,3.0,3.03,3.05,-0.6557,177911.0,54540.357
600801.SH,20250225,11.8,11.86,11.67,11.69,11.83,-1.1834,59718.94,70174.595
600802.SH,20250225,3.94,3.98,3.91,3.91,3.99,-2.005,51975.8,20482.72
600803.SH,20250225,19.06,19.35,19.0,19.16,19.21,-0.2603,74451.22,142969.176
600804.SH,20250225,1.82,1.86,1.8,1.83,1.84,-0.5435,482409.85,88335.26
600805.SH,20250225,4.42,4.59,4.41,4.57,4.48,2.0089,160543.21,72495.405
600807.SH,20250225,3.18,3.32,3.14,3.19,3.2,-0.3125,538610.5,174359.726
600808.SH,20250225,3.17,3.35,3.15,3.3,3.18,3.7736,1320315.02,430557.114
600809.SH,20250225,197.05,198.5,193.2,194.1,198.91,-2.4182,46153.74,902393.411
600810.SH,20250225,7.45,8.31,7.43,8.31,7.55,10.0662,345694.67,281228.829
600811.SH,20250225,2.31,2.4,2.22,2.28,2.31,-1.2987,5674451.65,1318151.7
600812.SH,20250225,6.5,6.51,6.32,6.4,6.54,-2.1407,368993.01,235324.982
600814.SH,20250225,8.45,8.85,8.41,8.67,8.54,1.5222,374889.99,325830.268
600815.SH,20250225,2.71,2.83,2.69,2.76,2.72,1.4706,350008.49,97262.125
600816.SH,20250225,3.18,3.21,3.16,3.18,3.2,-0.625,353153.08,112452.477
600817.SH,20250225,12.51,12.83,12.23,12.37,12.29,0.6509,117045.17,146089.603
600818.SH,20250225,11.08,11.3,11.01,11.13,11.16,-0.2688,50952.0,56968.764
600819.SH,20250225,5.5,5.62,5.43,5.49,5.54,-0.9025,79569.54,44052.642
600820.SH,20250225,6.26,6.3,6.2,6.21,6.27,-0.9569,235345.3,147025.204
600821.SH,20250225,6.18,6.25,6.02,6.03,6.3,-4.2857,1531223.35,938053.167
600822.SH,20250225,9.73,9.8,9.61,9.65,9.8,-1.5306,63284.11,61437.792
600824.SH,20250225,4.46,4.59,4.41,4.46,4.49,-0.6682,470034.59,212394.614
600825.SH,20250225,8.07,8.56,7.63,7.8,8.15,-4.2945,1894863.97,1549546.766
600826.SH,20250225,8.28,8.37,8.21,8.24,8.4,-1.9048,73926.9,61289.087
600827.SH,20250225,9.64,9.85,9.54,9.56,9.69,-1.3416,173832.82,167312.779
600828.SH,20250225,3.36,3.44,3.32,3.37,3.39,-0.59,123940.08,41995.646
600829.SH,20250225,7.67,7.72,7.59,7.63,7.73,-1.2937,78344.0,59881.029
600830.SH,20250225,9.72,9.88,9.54,9.56,9.8,-2.449,147253.2,142879.511
600831.SH,20250225,2.78,2.86,2.76,2.8,2.8,0.0,45600.1,12812.396
600833.SH,20250225,12.62,12.72,12.5,12.53,12.74,-1.6484,41807.17,52678.663
600834.SH,20250225,8.08,8.38,8.06,8.17,8.16,0.1225,50586.02,41530.932
600835.SH,20250225,21.64,22.36,21.61,21.88,22.22,-1.5302,400329.52,879114.233
600838.SH,20250225,8.46,8.64,8.35,8.49,8.48,0.1179,142188.02,121522.227
600839.SH,20250225,12.25,12.78,12.16,12.23,12.74,-4.0031,5137310.51,6385649.739
600841.SH,20250225,5.52,6.07,5.27,5.99,5.52,8.5145,794711.37,460700.908
600843.SH,20250225,14.88,15.92,14.78,15.3,15.56,-1.671,867699.9,1334996.824
600844.SH,20250225,2.67,2.71,2.65,2.66,2.68,-0.7463,140374.0,37635.302
600845.SH,20250225,35.9,36.95,35.58,35.78,37.37,-4.2547,412434.13,1491945.052
600846.SH,20250225,9.07,9.08,8.92,8.95,9.16,-2.2926,77905.17,70137.661
600847.SH,20250225,9.0,9.53,8.99,9.29,9.15,1.5301,35994.01,33332.654
600848.SH,20250225,9.67,9.74,9.6,9.67,9.73,-0.6166,55439.8,53697.041
600850.SH,20250225,28.4,28.6,27.51,27.67,29.16,-5.1097,499720.36,1395298.046
600851.SH,20250225,6.3,6.37,6.2,6.27,6.32,-0.7911,65817.9,41375.298
600853.SH,20250225,3.76,3.77,3.7,3.71,3.77,-1.5915,277931.4,103491.933
600854.SH,20250225,4.78,4.8,4.7,4.71,4.78,-1.4644,64034.0,30389.536
600855.SH,20250225,11.34,11.67,11.26,11.52,11.49,0.2611,105447.0,121394.631
600857.SH,20250225,8.77,9.06,8.68,8.84,8.79,0.5688,71683.46,63632.687
600858.SH,20250225,5.07,5.18,4.99,5.07,5.09,-0.3929,144435.0,73682.389
600859.SH,20250225,13.13,13.26,13.03,13.11,13.22,-0.8321,149029.27,196139.209
600860.SH,20250225,11.6,11.92,11.5,11.51,11.9,-3.2773,173405.19,202088.44
600861.SH,20250225,20.38,20.41,19.42,19.54,20.42,-4.3095,52201.7,103212.784
600862.SH,20250225,24.8,24.95,24.46,24.54,24.99,-1.8007,111584.65,275849.959
600863.SH,20250225,3.73,3.84,3.72,3.78,3.74,1.0695,1473330.96,558191.102
600864.SH,20250225,6.48,6.5,6.41,6.43,6.55,-1.8321,276957.64,178908.074
600865.SH,20250225,8.98,9.19,8.93,9.01,9.07,-0.6615,84317.0,76646.815
600866.SH,20250225,6.48,6.8,6.4,6.61,6.47,2.1638,474674.32,314094.396
600867.SH,20250225,7.56,7.6,7.52,7.55,7.6,-0.6579,98468.82,74444.717
600868.SH,20250225,3.02,3.07,2.95,2.96,3.06,-3.268,1079451.92,323235.442
600869.SH,20250225,4.73,4.81,4.63,4.72,4.78,-1.2552,398690.0,188569.868
600871.SH,20250225,1.94,1.95,1.92,1.93,1.94,-0.5155,620765.71,120228.614
600872.SH,20250225,20.1,20.26,19.88,20.03,20.18,-0.7433,125355.16,250985.735
600873.SH,20250225,9.21,9.25,9.14,9.16,9.22,-0.6508,182244.99,167416.995
600874.SH,20250225,5.85,5.85,5.76,5.77,5.83,-1.0292,97901.0,56816.373
600875.SH,20250225,14.8,14.9,14.64,14.73,14.9,-1.1409,164807.7,243442.026
600876.SH,20250225,9.08,9.29,9.04,9.17,9.13,0.4381,24841.0,22869.712
600877.SH,20250225,13.06,13.3,13.01,13.16,13.22,-0.4539,124657.45,164162.247
600879.SH,20250225,9.32,9.54,9.28,9.44,9.45,-0.1058,472059.94,445975.86
600880.SH,20250225,5.04,5.13,4.98,5.04,5.1,-1.1765,383414.01,193710.1
600881.SH,20250225,1.85,1.92,1.84,1.87,1.89,-1.0582,905365.01,170746.151
600882.SH,20250225,17.81,18.4,17.71,18.22,17.81,2.3021,107365.95,195111.638
600883.SH,20250225,6.94,7.04,6.85,6.89,7.02,-1.8519,25778.74,17897.753
600884.SH,20250225,7.75,7.75,7.54,7.57,7.8,-2.9487,998883.14,762414.849
600885.SH,20250225,33.62,33.73,33.23,33.36,33.77,-1.2141,57867.46,193336.47
600886.SH,20250225,14.27,14.42,14.06,14.1,14.24,-0.9831,311789.52,442871.819
600887.SH,20250225,27.42,27.48,27.2,27.36,27.52,-0.5814,402740.76,1100894.641
600888.SH,20250225,6.97,6.98,6.88,6.89,7.0,-1.5714,121258.21,84026.339
600889.SH,20250225,19.4,20.05,19.07,19.59,19.78,-0.9606,335980.0,656444.144
600892.SH,20250225,3.56,3.68,3.51,3.54,3.59,-1.3928,312902.16,112522.612
600893.SH,20250225,36.61,36.7,35.88,36.1,36.89,-2.1415,264821.34,959209.569
600894.SH,20250225,11.31,11.44,11.12,11.27,11.35,-0.7048,62471.87,70657.522
600895.SH,20250225,26.68,28.88,26.66,27.85,27.2,2.3897,820246.94,2283266.24
600897.SH,20250225,14.31,14.38,14.19,14.2,14.39,-1.3204,16910.2,24142.311
600900.SH,20250225,27.58,27.65,27.2,27.33,27.55,-0.7985,973228.62,2669049.554
600901.SH,20250225,4.99,5.0,4.9,4.91,5.01,-1.996,455034.39,224527.573
600903.SH,20250225,6.51,6.58,6.51,6.52,6.58,-0.9119,68946.4,45070.131
600905.SH,20250225,4.25,4.26,4.22,4.23,4.26,-0.7042,863585.56,365586.567
600906.SH,20250225,6.89,6.91,6.82,6.83,6.93,-1.443,155470.69,106659.508
600908.SH,20250225,5.69,5.69,5.62,5.64,5.69,-0.8787,124855.7,70584.177
600909.SH,20250225,5.77,5.79,5.7,5.71,5.82,-1.89,326658.06,187819.299
600916.SH,20250225,8.68,8.74,8.62,8.64,8.7,-0.6897,235924.21,204749.885
600917.SH,20250225,5.63,5.7,5.61,5.63,5.65,-0.354,42239.1,23844.414
600918.SH,20250225,6.39,6.4,6.32,6.34,6.41,-1.092,177800.0,113173.714
600919.SH,20250225,9.07,9.12,8.94,8.98,9.08,-1.1013,1578165.88,1419660.113
600925.SH,20250225,5.0,5.04,4.97,4.99,5.0,-0.2,86044.25,43047.228
600926.SH,20250225,14.35,14.36,14.1,14.13,14.36,-1.6017,368072.84,522329.702
600927.SH,20250225,12.8,12.84,12.69,12.7,12.89,-1.474,31546.7,40286.369
600928.SH,20250225,3.51,3.52,3.44,3.45,3.52,-1.9886,175936.0,61177.22
600929.SH,20250225,5.28,5.29,5.24,5.25,5.3,-0.9434,76357.52,40172.75
600933.SH,20250225,20.0,21.79,19.87,21.23,20.36,4.2731,355327.82,746549.223
600935.SH,20250225,2.38,2.41,2.36,2.36,2.39,-1.2552,153491.0,36596.267
600936.SH,20250225,3.3,3.36,3.27,3.3,3.33,-0.9009,130950.55,43427.417
600938.SH,20250225,25.69,25.7,25.52,25.58,25.69,-0.4282,349209.89,893317.938
600939.SH,20250225,2.86,2.87,2.82,2.83,2.88,-1.7361,114940.0,32622.354
600941.SH,20250225,110.0,110.49,108.36,108.8,111.47,-2.3953,205417.59,2244863.99
600955.SH,20250225,14.61,14.79,14.51,14.59,14.68,-0.6131,20028.0,29336.586
600956.SH,20250225,7.37,7.37,7.27,7.29,7.37,-1.0855,40180.11,29350.336
600958.SH,20250225,9.91,9.93,9.78,9.82,9.96,-1.4056,415073.43,408891.5
600959.SH,20250225,3.4,3.44,3.37,3.39,3.43,-1.1662,389875.23,132577.471
600960.SH,20250225,3.33,3.44,3.32,3.4,3.37,0.8902,150054.0,51073.632
600961.SH,20250225,8.08,8.14,7.92,7.94,8.09,-1.8541,152778.41,122457.734
600962.SH,20250225,13.53,13.68,13.39,13.42,13.6,-1.3235,24328.0,32849.36
600963.SH,20250225,4.66,4.77,4.63,4.7,4.69,0.2132,179695.85,84658.719
600965.SH,20250225,4.86,5.13,4.7,4.93,4.7,4.8936,635125.8,310566.227
600966.SH,20250225,4.64,4.65,4.59,4.6,4.66,-1.2876,79688.0,36733.31
600967.SH,20250225,10.35,10.59,10.26,10.41,10.44,-0.2874,214222.98,223617.755
600968.SH,20250225,3.78,3.82,3.75,3.77,3.78,-0.2646,341566.9,129187.36
600969.SH,20250225,6.43,6.58,6.37,6.44,6.47,-0.4637,85339.13,55158.47
600970.SH,20250225,10.03,10.05,9.76,9.8,10.0,-2.0,356673.04,351437.713
600971.SH,20250225,8.4,8.44,8.27,8.3,8.41,-1.308,88543.4,73944.294
600973.SH,20250225,5.18,5.3,5.08,5.11,5.21,-1.9194,916109.68,471750.074
600975.SH,20250225,6.04,6.15,6.01,6.08,6.1,-0.3279,191727.51,116558.041
600976.SH,20250225,40.02,40.42,39.75,40.1,40.1,0.0,13316.56,53541.576
600977.SH,20250225,11.1,11.1,10.85,10.89,11.14,-2.2442,176224.82,193035.118
600979.SH,20250225,5.22,5.35,5.19,5.22,5.29,-1.3233,643170.98,339080.151
600980.SH,20250225,15.92,16.03,15.88,15.92,16.1,-1.118,20755.0,33113.501
600981.SH,20250225,2.67,2.72,2.63,2.64,2.7,-2.2222,290344.01,77694.666
600982.SH,20250225,4.24,4.27,4.19,4.2,4.26,-1.4085,246416.75,104107.08
600983.SH,20250225,9.38,9.53,9.34,9.4,9.47,-0.7392,32737.0,30936.717
600984.SH,20250225,3.57,3.82,3.51,3.6,3.63,-0.8264,678230.09,248234.203
600985.SH,20250225,13.36,13.57,13.27,13.29,13.41,-0.8949,206132.7,276411.433
600986.SH,20250225,8.7,9.37,8.7,9.01,8.99,0.2225,1943559.8,1766318.644
600987.SH,20250225,6.8,6.85,6.77,6.78,6.84,-0.8772,67838.82,46177.434
600988.SH,20250225,19.75,19.99,19.28,19.42,19.66,-1.2208,363465.08,712160.926
600989.SH,20250225,15.72,15.87,15.54,15.8,15.8,0.0,278110.8,437085.324
600990.SH,20250225,23.06,23.72,22.82,23.3,23.22,0.3445,52138.99,121873.213
600992.SH,20250225,15.05,15.7,14.95,15.3,15.22,0.5256,126605.0,195070.75
600993.SH,20250225,23.68,23.7,23.5,23.55,23.82,-1.1335,51687.77,121919.807
600995.SH,20250225,9.87,9.93,9.77,9.88,9.87,0.1013,83152.51,82140.822
600996.SH,20250225,8.98,10.0,8.89,10.0,9.09,10.011,407752.5,394378.405
600997.SH,20250225,6.57,6.62,6.5,6.62,6.58,0.6079,49622.02,32683.357
600998.SH,20250225,5.11,5.11,5.03,5.05,5.12,-1.3672,261941.8,132528.986
600999.SH,20250225,18.44,18.53,18.22,18.25,18.58,-1.7761,186967.31,342976.674
601000.SH,20250225,4.24,4.24,4.13,4.15,4.24,-2.1226,665567.05,277543.979
601001.SH,20250225,11.78,11.96,11.65,11.72,11.85,-1.097,204117.02,241238.609
601002.SH,20250225,4.82,4.97,4.8,4.92,4.86,1.2346,254100.46,124725.669
601003.SH,20250225,2.85,2.89,2.82,2.86,2.87,-0.3484,91073.71,26035.437
601005.SH,20250225,1.36,1.38,1.35,1.36,1.37,-0.7299,995970.71,135599.022
601006.SH,20250225,6.69,6.8,6.61,6.65,6.67,-0.2999,693073.43,463917.282
601007.SH,20250225,6.74,6.79,6.69,6.7,6.76,-0.8876,45795.51,30842.034
601008.SH,20250225,3.73,3.73,3.68,3.68,3.73,-1.3405,73987.58,27371.774
601009.SH,20250225,10.1,10.1,9.98,10.0,10.08,-0.7937,349382.16,350225.116
601010.SH,20250225,3.42,3.63,3.37,3.4,3.56,-4.4944,1794101.75,623342.866
601011.SH,20250225,2.81,2.89,2.79,2.83,2.83,0.0,813896.39,231863.737
601012.SH,20250225,16.23,16.7,16.16,16.45,16.36,0.5501,1283760.3,2115512.292
601015.SH,20250225,3.08,3.11,3.04,3.07,3.09,-0.6472,103959.65,31998.377
601016.SH,20250225,3.0,3.01,2.96,2.97,3.0,-1.0,640750.69,191096.003
601018.SH,20250225,3.57,3.58,3.53,3.53,3.58,-1.3966,226723.13,80288.33
601019.SH,20250225,10.53,10.58,10.38,10.48,10.57,-0.8515,81391.18,85288.001
601020.SH,20250225,14.82,15.29,14.64,14.68,14.82,-0.9447,518672.62,776288.272
601021.SH,20250225,52.0,53.51,51.43,52.27,52.47,-0.3812,68884.06,363000.727
601022.SH,20250225,7.75,7.83,7.69,7.74,7.79,-0.6418,73171.0,56772.876
601028.SH,20250225,11.41,11.51,11.2,11.26,11.48,-1.9164,265116.01,300475.37
601033.SH,20250225,13.86,14.88,13.79,14.43,13.86,4.1126,160165.24,230799.972
601038.SH,20250225,15.07,15.11,14.69,14.73,15.18,-2.9644,216445.19,321930.524
601058.SH,20250225,14.72,14.72,14.44,14.46,14.77,-2.0988,345524.01,503640.815
601059.SH,20250225,15.8,16.42,15.74,15.83,16.0,-1.0625,580030.11,931290.146
601061.SH,20250225,7.17,7.19,7.11,7.14,7.2,-0.8333,75933.0,54335.925
601065.SH,20250225,8.63,8.63,8.58,8.6,8.67,-0.8074,39991.41,34420.394
601066.SH,20250225,24.74,24.92,24.58,24.65,24.96,-1.242,122032.87,301914.538
601068.SH,20250225,4.48,4.57,4.35,4.37,4.42,-1.1312,218886.0,97475.86
601069.SH,20250225,13.33,13.5,13.06,13.1,13.27,-1.2811,104971.87,139033.482
601077.SH,20250225,5.68,5.7,5.54,5.56,5.68,-2.1127,814411.08,456856.804
601083.SH,20250225,9.21,9.25,9.17,9.17,9.23,-0.6501,35877.67,33034.217
601086.SH,20250225,4.7,4.91,4.67,4.83,4.73,2.1142,191760.0,92436.665
601088.SH,20250225,35.53,36.59,35.44,35.63,35.76,-0.3635,638886.78,2302146.5
601089.SH,20250225,15.13,15.23,14.97,14.97,15.27,-1.9646,27715.0,41703.162
601096.SH,20250225,4.29,4.32,4.27,4.29,4.32,-0.6944,149688.84,64252.204
601098.SH,20250225,12.97,12.98,12.74,12.77,12.99,-1.6936,118920.48,152544.393
601099.SH,20250225,4.07,4.1,4.04,4.04,4.11,-1.7032,1562356.97,635181.631
601100.SH,20250225,78.5,82.7,78.1,80.71,82.01,-1.5852,156510.55,1264752.266
601101.SH,20250225,7.23,7.24,7.13,7.14,7.2,-0.8333,79543.53,57087.668
601106.SH,20250225,2.77,2.81,2.74,2.76,2.78,-0.7194,298915.32,82898.348
601107.SH,20250225,4.82,4.82,4.75,4.76,4.82,-1.2448,125636.22,60000.448
601108.SH,20250225,8.11,8.13,8.02,8.05,8.21,-1.9488,604180.04,488342.718
601111.SH,20250225,7.05,7.22,7.01,7.11,7.09,0.2821,1348621.45,963291.588
601113.SH,20250225,3.96,4.32,3.96,4.32,3.93,9.9237,810925.61,343771.716
601116.SH,20250225,11.63,12.05,11.63,11.74,11.84,-0.8446,219854.39,260836.814
601117.SH,20250225,7.24,7.28,7.15,7.17,7.27,-1.3755,561357.98,404496.357
601118.SH,20250225,5.3,5.31,5.19,5.2,5.31,-2.0716,312419.21,163814.129
601121.SH,20250225,6.09,6.13,6.05,6.08,6.12,-0.6536,39047.0,23797.797
601126.SH,20250225,17.3,17.39,16.88,17.0,17.52,-2.968,272928.15,465158.405
601127.SH,20250225,122.6,129.0,121.8,127.98,123.71,3.4516,496356.39,6261882.921
601128.SH,20250225,6.99,7.0,6.88,6.89,6.99,-1.4306,460187.23,319283.742
601133.SH,20250225,11.98,12.18,11.91,12.06,12.11,-0.4129,66873.28,80769.45
601136.SH,20250225,20.7,21.59,20.7,21.22,21.0,1.0476,464121.6,987907.782
601137.SH,20250225,21.67,21.84,21.28,21.52,21.86,-1.5554,304933.85,656452.723
601138.SH,20250225,22.8,23.6,22.72,23.08,23.21,-0.5601,1914260.45,4432891.533
601139.SH,20250225,6.51,6.54,6.47,6.49,6.53,-0.6126,103518.15,67316.483
601155.SH,20250225,13.15,13.47,13.09,13.3,13.29,0.0752,183295.6,244218.888
601156.SH,20250225,14.13,14.16,13.92,13.95,14.17,-1.5526,206819.29,289993.176
601158.SH,20250225,4.67,4.71,4.63,4.64,4.68,-0.8547,73765.0,34437.701
601162.SH,20250225,4.65,4.73,4.63,4.66,4.73,-1.4799,3172384.99,1482429.542
601163.SH,20250225,14.81,14.94,14.74,14.9,14.86,0.2692,31880.27,47382.619
601166.SH,20250225,20.43,20.55,20.33,20.41,20.49,-0.3904,485183.14,990369.434
601168.SH,20250225,16.33,16.46,16.18,16.21,16.45,-1.459,243656.33,398002.827
601169.SH,20250225,5.83,5.85,5.79,5.8,5.83,-0.5146,657817.56,382834.575
601177.SH,20250225,16.09,19.06,16.09,17.5,17.88,-2.1253,1098801.69,1894883.42
601179.SH,20250225,7.0,7.01,6.84,6.86,7.08,-3.1073,645583.48,445123.402
601186.SH,20250225,8.51,8.51,8.37,8.39,8.51,-1.4101,479567.14,405023.467
601187.SH,20250225,5.44,5.46,5.41,5.42,5.45,-0.5505,89383.44,48563.729
601188.SH,20250225,3.32,3.33,3.27,3.28,3.33,-1.5015,140286.0,46351.237
601198.SH,20250225,11.72,11.88,11.6,11.62,11.91,-2.4349,557743.56,653395.459
601199.SH,20250225,5.22,5.27,5.19,5.21,5.26,-0.9506,45386.0,23706.171
601200.SH,20250225,8.05,8.32,7.99,8.22,8.08,1.7327,205788.14,168654.615
601208.SH,20250225,9.58,9.82,9.45,9.7,9.74,-0.4107,327913.95,315652.811
601211.SH,20250225,17.89,18.05,17.73,17.8,18.04,-1.3304,334224.21,597355.851
601212.SH,20250225,2.79,2.8,2.76,2.77,2.79,-0.7168,375837.0,104548.975
601216.SH,20250225,5.93,6.12,5.87,5.95,6.02,-1.1628,1735613.58,1035448.322
601218.SH,20250225,3.12,3.18,3.1,3.18,3.15,0.9524,126180.0,39871.56
601222.SH,20250225,6.86,6.92,6.8,6.87,6.88,-0.1453,167336.26,114963.958
601225.SH,20250225,19.55,19.91,19.31,19.6,19.55,0.2558,519047.14,1018899.417
601226.SH,20250225,6.55,6.64,6.55,6.56,6.64,-1.2048,80343.0,52967.394
601228.SH,20250225,3.18,3.18,3.15,3.15,3.18,-0.9434,302862.0,95799.876
601229.SH,20250225,9.1,9.16,9.08,9.12,9.11,0.1098,306615.75,279631.07
601231.SH,20250225,18.52,20.17,18.52,19.57,18.84,3.8747,516466.63,1007538.544
601233.SH,20250225,12.32,12.43,12.11,12.13,12.38,-2.0194,327817.65,401083.701
601236.SH,20250225,8.06,8.09,7.98,8.0,8.14,-1.7199,178257.9,143307.643
601238.SH,20250225,8.85,9.03,8.82,8.95,8.95,0.0,269079.69,240548.06
601279.SH,20250225,3.71,3.81,3.69,3.75,3.74,0.2674,128289.0,48231.195
601288.SH,20250225,5.14,5.17,5.1,5.11,5.14,-0.5837,4131691.71,2117910.825
601298.SH,20250225,8.67,8.7,8.46,8.52,8.65,-1.5029,110951.03,95156.447
601311.SH,20250225,8.33,8.64,8.24,8.51,8.4,1.3095,347675.13,294884.724
601318.SH,20250225,51.5,52.1,50.85,50.98,52.0,-1.9615,642429.44,3298896.562
601319.SH,20250225,6.93,7.07,6.84,6.86,6.98,-1.7192,789251.0,547667.63
601326.SH,20250225,3.18,3.19,3.13,3.14,3.19,-1.5674,150059.0,47386.009
601328.SH,20250225,7.27,7.3,7.15,7.18,7.28,-1.3736,1475012.65,1066122.039
601330.SH,20250225,6.28,6.39,6.24,6.3,6.3,0.0,52622.0,33139.659
601333.SH,20250225,3.12,3.12,3.07,3.08,3.12,-1.2821,456041.94,141093.756
601336.SH,20250225,50.51,52.52,49.37,49.5,51.28,-3.4711,320526.0,1626859.527
601339.SH,20250225,5.25,5.28,5.21,5.23,5.27,-0.759,41253.96,21625.319
601360.SH,20250225,11.7,12.32,11.7,11.91,12.09,-1.4888,2427793.86,2900344.524
601366.SH,20250225,4.85,4.86,4.8,4.81,4.84,-0.6198,54876.11,26542.864
601368.SH,20250225,4.66,4.67,4.6,4.61,4.69,-1.7058,58473.0,27137.924
601369.SH,20250225,8.13,8.15,8.06,8.08,8.14,-0.7371,64854.52,52549.152
601375.SH,20250225,4.15,4.17,4.1,4.11,4.18,-1.6746,347452.0,143733.302
601377.SH,20250225,6.05,6.05,5.96,5.99,6.08,-1.4803,494232.73,296874.938
601388.SH,20250225,2.42,2.46,2.42,2.43,2.46,-1.2195,271219.64,66124.065
601390.SH,20250225,5.92,5.94,5.85,5.86,5.96,-1.6779,834641.77,491975.293
601398.SH,20250225,6.89,6.93,6.83,6.86,6.89,-0.4354,3139844.75,2159709.477
601399.SH,20250225,2.95,3.0,2.92,2.95,2.95,0.0,509496.81,151375.374
601456.SH,20250225,11.21,11.27,11.11,11.13,11.31,-1.5915,334311.34,374042.876
601500.SH,20250225,5.38,5.55,5.32,5.44,5.41,0.5545,432038.86,235731.671
601512.SH,20250225,7.5,7.63,7.5,7.51,7.59,-1.054,29115.75,21989.725
601515.SH,20250225,3.23,3.23,3.17,3.19,3.25,-1.8462,240535.32,76932.614
601518.SH,20250225,2.66,2.66,2.61,2.61,2.67,-2.2472,132605.8,34920.52
601519.SH,20250225,9.06,9.29,9.01,9.1,9.21,-1.1944,440653.34,403463.409
601528.SH,20250225,5.29,5.31,5.23,5.25,5.31,-1.1299,198459.37,104433.176
601555.SH,20250225,7.91,8.02,7.9,7.97,7.98,-0.1253,430865.59,343216.233
601566.SH,20250225,8.36,8.44,8.3,8.37,8.43,-0.7117,60116.0,50223.666
601567.SH,20250225,26.04,26.12,25.53,25.7,26.26,-2.1325,87890.92,226518.668
601568.SH,20250225,4.06,4.1,4.03,4.05,4.07,-0.4914,93674.96,38158.117
601577.SH,20250225,8.63,8.64,8.52,8.54,8.63,-1.0429,214374.96,183869.684
601579.SH,20250225,10.11,10.14,10.01,10.02,10.16,-1.378,45092.33,45341.446
601588.SH,20250225,1.76,1.77,1.73,1.73,1.76,-1.7045,237984.01,41649.887
601595.SH,20250225,26.18,26.2,25.52,25.6,26.6,-3.7594,110307.9,284392.557
601598.SH,20250225,5.04,5.07,5.01,5.03,5.06,-0.5929,209603.39,105645.266
601599.SH,20250225,3.95,3.97,3.84,3.85,3.93,-2.0356,356587.12,139134.138
601600.SH,20250225,7.63,7.66,7.41,7.42,7.69,-3.5111,1436145.3,1077053.414
601601.SH,20250225,32.1,33.48,31.77,31.8,32.51,-2.1839,634513.13,2069128.105
601606.SH,20250225,12.25,12.43,12.15,12.26,12.36,-0.8091,114744.21,141106.442
601607.SH,20250225,19.51,19.53,19.31,19.34,19.58,-1.2257,100694.12,195176.215
601608.SH,20250225,4.34,4.41,4.31,4.35,4.38,-0.6849,497823.7,217644.969
601609.SH,20250225,6.2,6.22,6.13,6.14,6.22,-1.2862,115803.03,71443.757
601611.SH,20250225,8.28,8.28,8.16,8.17,8.29,-1.4475,144950.0,118939.954
601615.SH,20250225,10.75,11.15,10.61,10.95,10.85,0.9217,499487.69,545977.807
601616.SH,20250225,4.43,4.58,4.41,4.48,4.6,-2.6087,607374.55,273400.419
601618.SH,20250225,3.13,3.14,3.09,3.11,3.14,-0.9554,853425.9,265844.489
601619.SH,20250225,3.31,3.33,3.27,3.29,3.32,-0.9036,244204.77,80474.269
601628.SH,20250225,39.67,41.08,39.02,39.2,39.99,-1.9755,204350.51,819393.34
601633.SH,20250225,24.95,25.43,24.85,25.16,25.18,-0.0794,170390.87,428862.484
601636.SH,20250225,5.72,5.76,5.66,5.7,5.74,-0.6969,173035.21,98905.303
601658.SH,20250225,5.31,5.32,5.25,5.26,5.31,-0.9416,1346533.01,710762.976
601665.SH,20250225,5.87,5.98,5.84,5.89,5.88,0.1701,256686.15,151963.666
601666.SH,20250225,8.72,8.81,8.6,8.66,8.73,-0.8018,213662.38,186172.102
601668.SH,20250225,5.53,5.58,5.45,5.46,5.53,-1.2658,2820700.74,1554637.392
601669.SH,20250225,5.08,5.09,5.03,5.03,5.09,-1.1788,849383.71,429545.506
601677.SH,20250225,12.47,12.49,12.28,12.3,12.51,-1.6787,167197.66,206781.202
601678.SH,20250225,3.82,3.83,3.79,3.8,3.85,-1.2987,147669.86,56231.785
601686.SH,20250225,5.52,5.75,5.5,5.54,5.57,-0.5386,81733.79,45931.208
601688.SH,20250225,17.82,17.99,17.69,17.71,17.97,-1.4469,468157.1,833559.508
601689.SH,20250225,69.8,72.68,69.2,72.09,71.38,0.9947,294202.18,2097237.465
601696.SH,20250225,10.71,10.79,10.62,10.66,10.85,-1.7512,212421.13,227667.231
601698.SH,20250225,21.6,22.44,21.53,22.02,22.08,-0.2717,472511.98,1045095.919
601699.SH,20250225,12.15,12.42,12.03,12.25,12.2,0.4098,216430.08,265825.262
601700.SH,20250225,4.46,4.49,4.42,4.46,4.48,-0.4464,60992.0,27206.638
601702.SH,20250225,20.86,21.18,20.72,20.86,21.3,-2.0657,34415.32,72035.31
601717.SH,20250225,12.78,12.82,12.61,12.64,12.79,-1.1728,277778.36,353264.658
601718.SH,20250225,2.6,2.65,2.59,2.62,2.62,0.0,349008.0,91632.479
601727.SH,20250225,8.66,9.08,8.58,8.91,8.84,0.7919,4444298.1,3953508.958
601728.SH,20250225,8.18,8.33,8.06,8.12,8.36,-2.8708,1972084.67,1617391.769
601766.SH,20250225,7.58,7.64,7.48,7.51,7.63,-1.5727,798818.52,603271.05
601777.SH,20250225,9.3,10.5,9.3,10.2,9.68,5.3719,1541186.46,1551879.538
601778.SH,20250225,2.77,2.8,2.75,2.78,2.79,-0.3584,356878.62,99214.481
601788.SH,20250225,17.58,17.66,17.44,17.48,17.73,-1.41,258735.61,454144.199
601789.SH,20250225,5.51,5.74,5.51,5.53,5.74,-3.6585,1322758.82,741903.327
601798.SH,20250225,6.35,6.66,6.3,6.57,6.41,2.4961,157865.01,103176.526
601799.SH,20250225,124.08,128.32,122.5,127.94,124.08,3.1109,35187.57,445443.767
601800.SH,20250225,9.74,9.8,9.57,9.58,9.75,-1.7436,572506.38,553267.139
601801.SH,20250225,7.33,7.35,7.15,7.18,7.4,-2.973,171835.01,124363.055
601808.SH,20250225,14.19,14.28,14.13,14.15,14.23,-0.5622,53115.66,75367.843
601811.SH,20250225,14.56,14.59,14.05,14.07,14.65,-3.959,56323.94,79735.014
601816.SH,20250225,5.51,5.52,5.45,5.47,5.53,-1.085,1301354.18,713235.835
601818.SH,20250225,3.76,3.79,3.72,3.74,3.77,-0.7958,1171282.51,439008.046
601825.SH,20250225,8.01,8.03,7.92,7.92,8.02,-1.2469,210020.46,167038.28
601827.SH,20250225,8.26,8.36,8.18,8.25,8.28,-0.3623,60852.08,50334.781
601828.SH,20250225,3.12,3.18,3.09,3.12,3.14,-0.6369,208492.95,65640.759
601838.SH,20250225,16.18,16.21,15.77,15.83,16.12,-1.799,365525.62,581960.733
601857.SH,20250225,7.9,7.95,7.8,7.81,7.9,-1.1392,1792672.07,1410284.452
601858.SH,20250225,22.18,22.29,21.85,21.94,22.45,-2.2717,73468.65,162247.939
601860.SH,20250225,2.72,2.73,2.69,2.7,2.72,-0.7353,426883.0,115518.051
601865.SH,20250225,20.3,21.92,20.3,21.22,20.61,2.9597,408303.58,871790.594
601866.SH,20250225,2.36,2.37,2.33,2.34,2.37,-1.2658,504856.54,118345.46
601868.SH,20250225,2.3,2.31,2.27,2.29,2.31,-0.8658,2757292.05,631478.04
601869.SH,20250225,40.61,46.99,40.4,43.09,42.74,0.8189,268219.55,1136302.172
601872.SH,20250225,6.31,6.39,6.29,6.32,6.34,-0.3155,399172.88,252778.78
601877.SH,20250225,24.44,24.67,24.04,24.12,24.79,-2.7027,271917.22,662271.587
601878.SH,20250225,11.77,11.81,11.65,11.68,11.89,-1.7662,587723.13,689556.285
601880.SH,20250225,1.55,1.56,1.53,1.53,1.56,-1.9231,806734.12,124605.739
601881.SH,20250225,14.81,14.98,14.67,14.73,15.03,-1.996,520367.12,770402.438
601882.SH,20250225,22.4,23.79,22.22,23.2,22.49,3.157,132243.95,308625.479
601886.SH,20250225,5.58,5.58,5.48,5.5,5.6,-1.7857,62485.32,34569.532
601888.SH,20250225,60.22,60.49,60.0,60.05,60.72,-1.1034,133224.19,801946.131
601890.SH,20250225,7.52,7.61,7.46,7.54,7.56,-0.2646,105516.6,79653.279
601898.SH,20250225,10.3,10.51,10.2,10.29,10.34,-0.4836,478784.8,497098.124
601899.SH,20250225,16.06,16.13,15.75,15.78,16.08,-1.8657,1558632.8,2486448.005
601900.SH,20250225,14.8,14.91,14.46,14.73,14.89,-1.0745,122733.28,180249.397
601901.SH,20250225,8.02,8.05,7.94,7.95,8.08,-1.6089,463787.49,370959.955
601908.SH,20250225,2.77,2.83,2.74,2.78,2.8,-0.7143,422724.74,118031.004
601916.SH,20250225,2.86,2.87,2.85,2.86,2.86,0.0,760227.28,217243.248
601918.SH,20250225,6.51,6.55,6.4,6.42,6.51,-1.3825,382274.36,247516.161
601919.SH,20250225,13.88,13.96,13.77,13.79,13.98,-1.3591,734859.89,1018752.46
601921.SH,20250225,8.55,8.62,8.36,8.4,8.71,-3.5591,682711.73,578435.373
601928.SH,20250225,10.8,10.82,10.56,10.6,10.86,-2.3941,171906.61,183268.91
601929.SH,20250225,2.07,2.14,2.03,2.08,2.11,-1.4218,1806217.29,379468.169
601933.SH,20250225,5.18,5.3,5.13,5.16,5.21,-0.9597,2353339.56,1221285.696
601939.SH,20250225,8.58,8.64,8.48,8.5,8.58,-0.9324,1047481.93,893741.662
601949.SH,20250225,7.17,7.2,7.07,7.08,7.26,-2.4793,153940.0,109564.329
601952.SH,20250225,9.71,9.73,9.5,9.51,9.84,-3.3537,157972.1,151178.36
601956.SH,20250225,5.17,5.39,5.12,5.39,5.16,4.4574,249753.2,132522.077
601958.SH,20250225,10.11,10.14,9.96,9.97,10.1,-1.2871,203787.02,204473.855
601963.SH,20250225,8.63,8.66,8.56,8.57,8.64,-0.8102,62102.63,53399.734
601965.SH,20250225,18.42,18.97,18.28,18.77,18.55,1.186,85587.96,160203.766
601966.SH,20250225,17.57,17.76,17.47,17.5,17.64,-0.7937,103490.07,181997.249
601968.SH,20250225,4.69,4.74,4.63,4.63,4.7,-1.4894,63160.0,29586.015
601969.SH,20250225,6.7,6.94,6.64,6.74,6.69,0.7474,191982.88,130329.596
601975.SH,20250225,3.05,3.09,3.02,3.04,3.06,-0.6536,945975.42,289048.759
601985.SH,20250225,10.05,10.13,9.91,9.95,10.07,-1.1917,793040.42,793614.583
601988.SH,20250225,5.42,5.44,5.33,5.36,5.41,-0.9242,2524358.7,1357824.106
601989.SH,20250225,4.27,4.27,4.23,4.25,4.29,-0.9324,858714.32,364583.628
601990.SH,20250225,8.52,8.53,8.44,8.46,8.57,-1.2835,186810.55,158590.574
601991.SH,20250225,2.76,2.78,2.74,2.75,2.77,-0.722,692190.85,190741.809
601992.SH,20250225,1.71,1.72,1.68,1.69,1.71,-1.1696,494415.26,84050.786
601995.SH,20250225,33.38,33.48,33.0,33.12,33.68,-1.6627,150340.0,499755.055
601996.SH,20250225,2.04,2.08,2.02,2.03,2.06,-1.4563,183821.02,37678.396
601997.SH,20250225,5.78,5.79,5.72,5.73,5.79,-1.0363,299999.86,172556.348
601998.SH,20250225,6.55,6.58,6.46,6.48,6.55,-1.0687,1238176.06,804789.223
601999.SH,20250225,6.77,6.85,6.71,6.75,6.85,-1.4599,47699.94,32352.524
603000.SH,20250225,24.43,24.89,24.28,24.45,24.99,-2.1609,319020.02,783224.386
603001.SH,20250225,4.99,5.04,4.93,4.95,5.03,-1.5905,51460.01,25642.778
603002.SH,20250225,6.28,6.39,6.21,6.26,6.41,-2.3401,565459.5,355755.675
603003.SH,20250225,5.18,5.21,5.05,5.12,5.22,-1.9157,56304.02,28828.093
603004.SH,20250225,24.88,26.26,24.85,25.35,24.0,5.625,210597.26,536445.85
603005.SH,20250225,36.65,37.67,36.11,36.29,37.4,-2.9679,440239.86,1616254.447
603006.SH,20250225,11.23,11.38,11.15,11.23,11.26,-0.2664,18698.0,21106.121
603007.SH,20250225,8.4,8.6,8.08,8.18,8.46,-3.3097,139204.68,115167.35
603008.SH,20250225,17.4,17.48,16.94,16.97,17.48,-2.9176,50460.0,86854.542
603009.SH,20250225,52.3,57.49,52.0,55.7,54.07,3.0146,226790.84,1253896.3
603010.SH,20250225,10.43,10.64,10.32,10.46,10.45,0.0957,43236.06,45324.815
603011.SH,20250225,7.8,8.16,7.73,8.06,7.99,0.8761,312598.05,250569.649
603012.SH,20250225,5.61,5.62,5.54,5.55,5.64,-1.5957,104864.65,58507.817
603013.SH,20250225,14.96,16.4,14.87,15.98,15.03,6.3207,128536.29,203274.014
603015.SH,20250225,13.35,13.87,13.21,13.6,13.5,0.7407,387185.0,526176.616
603016.SH,20250225,35.25,35.68,34.5,35.28,35.25,0.0851,13806.0,48709.456
603017.SH,20250225,8.82,9.06,8.82,8.9,9.1,-2.1978,98026.95,87501.415
603018.SH,20250225,9.21,9.38,9.01,9.07,9.33,-2.7867,201899.4,185086.566
603019.SH,20250225,75.82,78.0,75.5,76.1,77.29,-1.5397,629795.81,4806499.006
603020.SH,20250225,8.28,8.42,8.22,8.38,8.32,0.7212,54506.0,45494.304
603021.SH,20250225,4.15,4.32,4.14,4.19,4.21,-0.4751,143744.6,60954.219
603022.SH,20250225,7.8,7.88,7.76,7.78,7.88,-1.269,17661.0,13791.933
603023.SH,20250225,2.79,2.81,2.76,2.77,2.81,-1.4235,61063.63,16994.178
603025.SH,20250225,14.8,14.99,14.71,14.76,14.98,-1.4686,56281.0,83394.824
603026.SH,20250225,33.77,34.37,33.62,33.86,34.1,-0.7038,40382.49,137317.286
603027.SH,20250225,11.33,11.33,11.19,11.2,11.37,-1.4952,94966.68,106837.59
603028.SH,20250225,6.33,6.53,6.33,6.42,6.39,0.4695,42804.9,27603.226
603029.SH,20250225,18.37,18.5,17.89,17.93,18.61,-3.6539,75896.29,137464.194
603030.SH,20250225,2.91,2.99,2.86,2.88,2.94,-2.0408,383412.68,112001.118
603031.SH,20250225,29.6,31.66,29.01,30.82,29.92,3.008,92472.8,279338.945
603032.SH,20250225,14.09,14.6,13.97,14.4,14.21,1.3371,61910.3,89161.948
603033.SH,20250225,13.7,14.16,13.6,14.01,13.79,1.5954,109380.62,152834.51
603035.SH,20250225,14.27,14.4,14.24,14.32,14.37,-0.3479,52196.0,74723.325
603036.SH,20250225,14.22,14.6,14.1,14.39,14.2,1.338,63907.0,91539.056
603037.SH,20250225,16.68,17.05,16.53,16.67,16.97,-1.7678,101201.33,169607.844
603038.SH,20250225,16.7,17.06,16.6,16.91,16.81,0.5949,100466.9,169988.187
603039.SH,20250225,70.0,70.48,67.3,68.23,71.76,-4.9192,60740.2,419480.422
603040.SH,20250225,29.3,33.43,29.0,33.43,30.39,10.0033,61814.91,197489.661
603041.SH,20250225,11.59,12.38,11.47,12.05,11.73,2.728,100860.0,121021.226
603042.SH,20250225,14.35,14.67,14.21,14.37,14.6,-1.5753,174891.66,252737.637
603043.SH,20250225,15.16,15.16,14.98,15.01,15.2,-1.25,27222.44,40981.041
603045.SH,20250225,14.58,14.67,14.36,14.41,14.63,-1.5038,40742.0,59009.051
603048.SH,20250225,16.43,17.2,16.3,16.8,16.55,1.5106,48185.0,81277.688
603050.SH,20250225,23.3,23.36,22.54,22.69,23.95,-5.261,48330.26,110466.957
603051.SH,20250225,25.11,25.8,24.92,25.53,25.26,1.0689,34865.89,88990.131
603052.SH,20250225,38.6,39.14,38.0,38.71,38.88,-0.4372,11844.08,45829.422
603053.SH,20250225,9.17,9.17,9.11,9.13,9.17,-0.4362,15825.69,14462.644
603055.SH,20250225,10.77,11.72,10.62,11.27,10.98,2.6412,361928.93,410347.865
603056.SH,20250225,14.55,14.55,14.24,14.28,14.66,-2.5921,46831.0,67430.949
603057.SH,20250225,17.0,17.0,16.75,16.8,17.04,-1.4085,15176.01,25573.375
603058.SH,20250225,8.98,9.09,8.86,8.88,9.03,-1.6611,53514.0,47887.995
603059.SH,20250225,22.85,23.44,22.6,23.02,23.0,0.087,7956.5,18315.075
603060.SH,20250225,7.38,7.47,7.3,7.33,7.49,-2.1362,44815.61,33080.518
603061.SH,20250225,77.83,79.5,77.2,77.96,78.75,-1.0032,12671.0,99165.32
603062.SH,20250225,37.99,38.26,37.64,37.96,38.17,-0.5502,5330.0,20194.841
603063.SH,20250225,29.47,30.62,28.88,30.15,31.14,-3.1792,309261.18,929351.101
603065.SH,20250225,7.75,7.76,7.67,7.67,7.76,-1.1598,15022.81,11593.418
603066.SH,20250225,11.86,11.93,11.73,11.83,11.95,-1.0042,111395.0,131829.154
603067.SH,20250225,15.19,15.55,15.01,15.29,15.53,-1.5454,171427.23,261447.156
603068.SH,20250225,37.01,39.56,36.82,38.36,37.91,1.187,83790.21,322831.163
603069.SH,20250225,18.4,18.42,17.99,18.05,18.42,-2.0087,41120.29,74877.79
603070.SH,20250225,14.91,15.47,14.8,14.96,15.27,-2.0301,101961.0,153118.426
603071.SH,20250225,12.49,12.5,12.36,12.4,12.54,-1.1164,19070.0,23655.882
603072.SH,20250225,33.2,34.95,33.09,34.69,33.91,2.3002,108100.18,371824.071
603073.SH,20250225,15.23,15.25,15.05,15.08,15.24,-1.0499,8422.0,12736.72
603075.SH,20250225,19.83,20.07,19.67,19.9,19.87,0.151,20628.0,41119.782
603076.SH,20250225,22.93,23.33,22.66,22.88,23.0,-0.5217,10148.4,23324.786
603077.SH,20250225,1.91,1.92,1.89,1.9,1.91,-0.5236,752786.99,143065.782
603078.SH,20250225,17.61,18.21,17.4,17.98,17.89,0.5031,153420.2,274843.327
603079.SH,20250225,13.86,14.05,13.75,13.79,13.98,-1.3591,29988.4,41612.825
603080.SH,20250225,15.81,15.82,15.53,15.55,15.84,-1.8308,17512.0,27445.963
603081.SH,20250225,13.55,14.02,13.33,13.65,13.56,0.6637,73518.12,100559.052
603082.SH,20250225,44.61,48.45,44.08,46.79,45.47,2.903,117773.21,549657.787
603083.SH,20250225,43.42,43.6,42.78,42.96,44.33,-3.0905,244288.3,1053277.136
603085.SH,20250225,13.32,14.37,13.08,14.37,13.06,10.0306,587520.73,818450.026
603086.SH,20250225,5.67,6.25,5.48,5.95,5.69,4.5694,659560.74,377756.473
603087.SH,20250225,44.51,44.54,43.8,43.93,44.85,-2.0513,65253.32,288666.999
603088.SH,20250225,10.11,10.45,10.0,10.27,10.25,0.1951,195977.21,202124.697
603089.SH,20250225,9.61,9.87,9.6,9.79,9.7,0.9278,56379.2,55074.135
603090.SH,20250225,19.2,19.66,19.2,19.31,19.5,-0.9744,17972.0,34936.807
603091.SH,20250225,42.09,42.78,42.03,42.41,42.46,-0.1178,7492.46,31801.521
603093.SH,20250225,12.48,12.66,12.39,12.47,12.57,-0.7955,37621.0,47105.58
603095.SH,20250225,23.9,24.5,23.7,24.28,24.19,0.3721,45687.2,110463.221
603096.SH,20250225,20.32,20.32,19.56,19.63,20.43,-3.9158,29543.0,58734.515
603097.SH,20250225,22.83,23.3,22.8,23.03,23.03,0.0,34048.0,78637.307
603098.SH,20250225,9.49,9.89,9.43,9.69,9.58,1.1482,87711.0,85068.668
603099.SH,20250225,31.59,31.85,31.14,31.26,31.86,-1.8832,55408.0,174548.937
603100.SH,20250225,21.03,21.79,21.03,21.54,21.28,1.2218,112730.53,243407.768
603101.SH,20250225,7.12,7.6,7.12,7.5,7.18,4.4568,191746.58,142736.745
603102.SH,20250225,35.35,35.5,34.83,34.89,35.57,-1.9117,5190.0,18223.037
603103.SH,20250225,14.18,14.32,14.1,14.22,14.31,-0.6289,76025.63,107834.7
603105.SH,20250225,8.45,8.56,8.37,8.49,8.51,-0.235,85685.51,72745.56
603106.SH,20250225,9.31,9.47,9.2,9.24,9.43,-2.0148,165257.12,154045.166
603107.SH,20250225,17.08,17.44,16.98,17.15,17.12,0.1752,44650.0,76983.263
603108.SH,20250225,20.35,22.35,19.73,21.49,20.7,3.8164,832206.01,1750132.876
603109.SH,20250225,20.17,22.44,20.0,22.44,20.4,10.0,182117.42,390302.154
603110.SH,20250225,19.0,19.99,19.0,19.42,19.83,-2.0676,191533.72,373010.208
603111.SH,20250225,7.41,7.46,7.25,7.28,7.51,-3.0626,305933.5,224270.516
603112.SH,20250225,12.47,12.48,12.32,12.39,12.48,-0.7212,19386.1,24036.267
603113.SH,20250225,5.46,5.56,5.44,5.47,5.5,-0.5455,78175.31,43026.433
603115.SH,20250225,15.56,15.97,14.65,14.84,15.29,-2.9431,160233.59,241345.375
603116.SH,20250225,5.39,5.63,5.33,5.57,5.43,2.5783,130336.72,72082.569
603117.SH,20250225,6.06,6.24,6.06,6.09,6.16,-1.1364,121826.4,74843.924
603118.SH,20250225,11.92,13.26,11.61,12.48,12.05,3.5685,1829812.34,2317918.213
603119.SH,20250225,34.1,35.61,33.97,35.15,35.13,0.0569,97618.81,340257.441
603121.SH,20250225,15.2,16.6,14.92,16.57,15.52,6.7655,276627.13,442084.546
603122.SH,20250225,7.58,7.74,7.5,7.58,7.65,-0.915,63964.66,48617.75
603123.SH,20250225,8.16,8.33,8.11,8.21,8.25,-0.4848,103743.0,85566.903
603125.SH,20250225,19.45,19.83,19.33,19.58,19.56,0.1022,20333.9,39873.143
603126.SH,20250225,6.7,6.72,6.55,6.57,6.74,-2.5223,187730.0,124258.483
603127.SH,20250225,20.76,21.59,20.43,21.09,21.21,-0.5658,182785.6,382639.477
603128.SH,20250225,5.71,5.72,5.6,5.61,5.73,-2.0942,226381.7,127912.789
603129.SH,20250225,194.1,194.1,185.8,188.45,193.62,-2.6702,19977.82,377024.582
603130.SH,20250225,29.5,30.0,28.0,28.57,30.92,-7.6003,81566.14,236877.198
603131.SH,20250225,19.45,19.95,19.4,19.6,19.77,-0.8599,100777.8,198762.895
603132.SH,20250225,11.4,11.5,11.28,11.38,11.38,0.0,25901.0,29581.444
603135.SH,20250225,9.56,9.74,9.52,9.65,9.67,-0.2068,43299.99,41889.465
603136.SH,20250225,11.5,11.53,11.25,11.34,11.62,-2.4096,40688.74,46365.597
603137.SH,20250225,10.76,10.84,10.7,10.73,10.81,-0.7401,25180.14,27099.092
603138.SH,20250225,16.4,17.07,16.3,16.74,17.09,-2.048,145264.26,243261.283
603139.SH,20250225,14.43,14.75,14.43,14.51,14.73,-1.4936,7349.99,10728.078
603150.SH,20250225,36.15,40.54,35.7,39.06,36.85,5.9973,72990.22,278487.84
603151.SH,20250225,11.43,11.45,11.07,11.12,11.48,-3.1359,23789.0,26621.221
603153.SH,20250225,19.13,19.34,18.99,19.05,19.44,-2.0062,43938.69,84090.768
603155.SH,20250225,13.66,13.86,13.6,13.64,13.86,-1.5873,30453.92,41752.742
603156.SH,20250225,20.6,20.74,20.45,20.46,20.63,-0.824,23742.61,48858.745
603158.SH,20250225,9.12,9.67,9.11,9.55,9.26,3.1317,518985.39,490732.512
603159.SH,20250225,15.35,15.63,15.2,15.3,15.59,-1.8602,13512.0,20768.76
603160.SH,20250225,84.51,86.49,84.2,84.85,86.1,-1.4518,88702.82,756545.426
603161.SH,20250225,11.2,11.35,11.14,11.2,11.3,-0.885,38463.2,43255.568
603162.SH,20250225,8.77,9.11,8.72,8.85,8.83,0.2265,82034.07,73191.208
603163.SH,20250225,29.61,30.8,29.51,30.38,29.71,2.2551,25611.5,77442.654
603165.SH,20250225,13.4,13.44,13.11,13.2,13.44,-1.7857,62142.29,82194.84
603166.SH,20250225,9.98,11.19,9.93,11.19,10.17,10.0295,529090.52,563217.793
603167.SH,20250225,8.14,8.16,8.06,8.08,8.17,-1.1016,49232.0,39890.567
603168.SH,20250225,6.86,6.97,6.84,6.86,6.93,-1.0101,39901.66,27515.551
603169.SH,20250225,5.48,5.56,5.44,5.51,5.51,0.0,154934.89,85369.463
603170.SH,20250225,13.5,13.55,13.32,13.5,13.49,0.0741,17570.0,23698.504
603171.SH,20250225,42.29,44.36,42.0,43.86,43.39,1.0832,44868.54,194887.347
603172.SH,20250225,13.83,13.89,13.6,13.78,13.81,-0.2172,14526.0,20000.962
603173.SH,20250225,23.79,23.97,23.62,23.69,23.85,-0.6709,14435.0,34346.026
603176.SH,20250225,5.06,5.12,5.03,5.05,5.09,-0.7859,26187.0,13294.654
603177.SH,20250225,8.13,8.26,8.09,8.13,8.22,-1.0949,54936.0,44859.8
603178.SH,20250225,18.21,18.68,18.15,18.51,18.39,0.6525,50345.0,93222.613
603179.SH,20250225,52.0,54.77,51.53,52.9,52.49,0.7811,95621.57,509598.074
603180.SH,20250225,19.17,19.23,18.85,18.93,19.23,-1.5601,9971.6,18952.154
603181.SH,20250225,11.0,11.03,10.77,10.79,11.08,-2.6173,45945.34,50101.344
603182.SH,20250225,12.16,12.24,12.02,12.11,12.29,-1.4646,13452.0,16328.865
603183.SH,20250225,3.87,3.95,3.86,3.9,3.91,-0.2558,85390.86,33417.625
603185.SH,20250225,16.71,17.2,16.65,17.06,16.92,0.8274,142660.23,243118.139
603186.SH,20250225,27.0,27.66,26.62,27.48,27.46,0.0728,58870.97,160581.822
603187.SH,20250225,11.24,11.36,11.18,11.29,11.31,-0.1768,23817.42,26858.134
603188.SH,20250225,3.7,3.75,3.64,3.7,3.71,-0.2695,84643.0,31311.93
603189.SH,20250225,17.67,19.05,17.4,18.97,17.94,5.7414,312259.78,580217.825
603190.SH,20250225,23.18,23.58,22.88,23.03,23.32,-1.2436,31010.89,71589.629
603191.SH,20250225,13.73,13.82,13.5,13.51,13.82,-2.2431,78318.0,106789.631
603192.SH,20250225,16.28,16.5,16.15,16.34,16.27,0.4302,12422.7,20284.38
603193.SH,20250225,28.29,29.1,27.78,28.75,28.32,1.5184,25119.47,71645.345
603194.SH,20250225,37.3,38.38,37.04,38.01,37.63,1.0098,64751.1,244586.131
603195.SH,20250225,76.25,76.61,75.0,75.27,76.86,-2.0687,22939.46,173774.47
603196.SH,20250225,14.2,14.39,13.87,13.96,14.38,-2.9207,52168.0,73687.966
603197.SH,20250225,49.58,53.96,49.32,52.5,50.26,4.4568,109578.15,567436.658
603198.SH,20250225,52.98,53.35,52.39,52.5,53.7,-2.2346,58450.0,308561.45
603199.SH,20250225,32.75,33.08,32.53,32.54,32.96,-1.2743,21755.33,71278.236
603200.SH,20250225,29.01,30.18,29.01,29.46,29.64,-0.6073,111866.54,332584.49
603201.SH,20250225,18.9,19.35,18.7,18.92,19.06,-0.7345,29534.25,56053.025
603203.SH,20250225,25.2,26.4,25.15,25.43,24.97,1.8422,76898.98,196582.443
603205.SH,20250225,36.79,37.03,36.16,36.47,36.8,-0.8967,10049.0,36866.483
603206.SH,20250225,18.32,18.91,18.32,18.69,19.26,-2.9595,196757.38,367457.207
603207.SH,20250225,27.46,27.77,27.18,27.4,27.54,-0.5084,21359.26,58705.361
603208.SH,20250225,16.77,16.86,16.74,16.74,16.9,-0.9467,12063.38,20255.061
603209.SH,20250225,16.07,16.29,15.96,16.15,16.24,-0.5542,71015.54,114499.962
603211.SH,20250225,18.8,19.32,18.6,19.04,19.02,0.1052,91842.44,175143.077
603212.SH,20250225,10.82,11.06,10.75,10.96,10.92,0.3663,113163.0,124148.253
603213.SH,20250225,9.38,9.53,9.34,9.42,9.44,-0.2119,41018.0,38641.347
603214.SH,20250225,20.2,20.87,20.01,20.54,20.24,1.4822,71263.25,146748.704
603215.SH,20250225,18.48,19.03,18.31,18.53,18.7,-0.9091,129697.66,242731.373
603216.SH,20250225,11.9,12.2,11.66,12.19,12.0,1.5833,59257.35,71244.102
603217.SH,20250225,17.02,17.78,16.84,17.34,16.95,2.3009,31307.14,54481.06
603218.SH,20250225,12.34,13.25,12.21,13.0,12.35,5.2632,287630.21,368522.468
603219.SH,20250225,16.96,17.9,16.59,17.39,17.28,0.6366,224043.58,386593.187
603220.SH,20250225,25.61,27.8,25.12,26.88,26.31,2.1665,695995.36,1859720.551
603221.SH,20250225,9.39,9.49,9.35,9.38,9.46,-0.8457,23423.0,22033.189
603222.SH,20250225,6.96,7.06,6.88,6.91,7.04,-1.8466,87502.0,60900.637
603223.SH,20250225,9.2,9.42,9.15,9.35,9.29,0.6459,50387.56,46873.021
603225.SH,20250225,12.44,12.49,12.29,12.37,12.51,-1.1191,77412.56,95822.893
603226.SH,20250225,5.92,5.99,5.87,5.9,5.93,-0.5059,46342.37,27467.52
603227.SH,20250225,8.1,8.14,8.0,8.01,8.16,-1.8382,93750.18,75448.001
603228.SH,20250225,37.0,38.11,36.5,37.54,37.85,-0.819,239160.36,890459.347
603229.SH,20250225,8.7,8.93,8.62,8.8,8.74,0.6865,121398.54,106625.768
603230.SH,20250225,12.09,12.09,11.85,11.88,12.2,-2.623,28888.97,34492.3
603231.SH,20250225,15.78,15.78,15.6,15.62,15.85,-1.4511,16578.0,25968.849
603232.SH,20250225,14.51,15.5,14.51,15.05,15.11,-0.3971,127406.05,192910.668
603233.SH,20250225,15.25,15.36,14.87,14.95,15.4,-2.9221,66207.5,99952.211
603235.SH,20250225,26.04,26.05,25.87,25.88,26.04,-0.6144,3813.35,9894.145
603236.SH,20250225,81.92,92.62,81.9,89.93,84.2,6.8052,318022.79,2817755.297
603237.SH,20250225,17.83,17.98,17.73,17.77,17.98,-1.168,13651.12,24339.088
603238.SH,20250225,13.0,13.05,12.85,12.86,13.08,-1.682,35943.35,46460.089
603239.SH,20250225,14.07,14.29,14.04,14.14,14.17,-0.2117,34252.0,48573.594
603255.SH,20250225,29.87,29.97,29.3,29.6,29.87,-0.9039,5278.5,15619.752
603256.SH,20250225,9.46,10.16,9.4,9.68,9.6,0.8333,205299.0,201862.183
603258.SH,20250225,23.99,25.2,23.88,24.49,24.55,-0.2444,72282.75,177593.816
603259.SH,20250225,61.7,63.3,61.7,62.48,63.61,-1.7765,525983.63,3288243.065
603260.SH,20250225,54.61,55.35,54.26,55.02,54.61,0.7508,25971.34,142445.276
603261.SH,20250225,25.0,25.76,24.61,25.23,25.53,-1.1751,28056.0,70655.473
603266.SH,20250225,16.61,16.91,16.61,16.77,16.74,0.1792,24498.92,41118.244
603267.SH,20250225,37.2,37.97,36.81,37.6,37.65,-0.1328,30394.17,114156.34
603268.SH,20250225,38.2,38.49,37.75,37.76,38.61,-2.2015,21281.09,80867.058
603269.SH,20250225,12.31,12.74,12.19,12.56,12.64,-0.6329,168802.68,211199.357
603270.SH,20250225,24.2,24.65,24.06,24.26,24.53,-1.1007,64308.95,156495.751
603272.SH,20250225,14.96,15.85,14.88,14.9,15.12,-1.455,17427.0,26391.648
603273.SH,20250225,18.56,18.98,18.46,18.69,18.78,-0.4792,43883.71,82545.317
603275.SH,20250225,46.46,48.0,45.3,46.97,48.04,-2.2273,64873.22,301938.206
603276.SH,20250225,14.0,14.32,14.0,14.21,14.18,0.2116,14478.8,20557.944
603277.SH,20250225,28.39,28.67,28.0,28.12,28.67,-1.9184,10431.0,29495.804
603278.SH,20250225,10.29,11.56,10.22,11.56,10.51,9.9905,247554.64,278665.492
603279.SH,20250225,16.79,16.79,16.6,16.64,16.78,-0.8343,34794.1,58028.053
603280.SH,20250225,25.15,25.15,24.39,24.41,25.63,-4.76,48897.32,120900.704
603281.SH,20250225,23.73,23.84,23.58,23.6,23.89,-1.2139,10227.0,24190.44
603282.SH,20250225,15.46,15.54,15.26,15.38,15.55,-1.0932,10212.0,15710.476
603283.SH,20250225,64.0,67.68,63.8,66.19,64.84,2.082,126284.83,840965.515
603285.SH,20250225,22.8,23.65,22.7,23.14,22.96,0.784,33573.85,78201.309
603286.SH,20250225,29.02,32.13,29.02,30.85,29.89,3.2118,140311.0,433360.935
603288.SH,20250225,41.0,41.18,40.5,40.56,41.4,-2.029,90124.15,367454.471
603289.SH,20250225,9.03,9.2,9.0,9.16,9.1,0.6593,32944.0,30069.2
603290.SH,20250225,93.4,95.36,93.0,93.8,94.69,-0.9399,41303.57,388559.267
603291.SH,20250225,14.8,15.18,14.57,14.88,14.79,0.6085,64054.0,95640.101
603296.SH,20250225,97.98,99.49,94.66,95.77,100.09,-4.3161,165627.9,1604234.122
603297.SH,20250225,102.0,112.1,100.0,107.88,106.05,1.7256,49378.76,518556.924
603298.SH,20250225,21.29,22.49,21.11,22.1,21.43,3.1265,194370.25,426681.956
603299.SH,20250225,10.61,10.62,10.47,10.47,10.65,-1.6901,61341.63,64608.836
603300.SH,20250225,9.76,10.6,9.68,10.0,10.5,-4.7619,4140053.31,4142212.125
603301.SH,20250225,21.35,21.35,21.06,21.08,21.43,-1.6332,17546.0,37158.393
603303.SH,20250225,11.88,11.93,11.74,11.8,11.96,-1.3378,11921.2,14086.504
603305.SH,20250225,17.8,18.48,17.63,17.85,18.24,-2.1382,414173.36,745001.813
603306.SH,20250225,38.0,40.7,38.0,39.73,38.83,2.3178,156430.08,621156.602
603307.SH,20250225,36.8,37.29,34.88,35.39,36.8,-3.8315,22304.0,80540.275
603308.SH,20250225,17.61,18.28,17.39,18.11,18.4,-1.5761,299522.17,533800.25
603309.SH,20250225,11.68,11.68,11.3,11.35,11.74,-3.322,61292.2,70224.596
603310.SH,20250225,18.8,20.0,18.71,19.71,18.93,4.1204,74408.72,146628.019
603311.SH,20250225,10.42,10.52,10.3,10.35,10.48,-1.2405,49193.0,51232.887
603312.SH,20250225,36.7,37.3,36.08,36.8,36.9,-0.271,18005.48,66586.502
603313.SH,20250225,6.56,6.58,6.43,6.45,6.6,-2.2727,60001.7,38950.718
603315.SH,20250225,12.53,12.76,12.43,12.65,12.82,-1.3261,158657.32,199641.433
603316.SH,20250225,5.67,5.9,5.67,5.9,5.36,10.0746,64298.3,37745.786
603317.SH,20250225,12.7,12.7,12.51,12.54,12.7,-1.2598,44808.53,56328.625
603318.SH,20250225,6.4,6.47,6.36,6.37,6.44,-1.087,54619.0,34998.738
603319.SH,20250225,34.6,40.04,34.55,39.2,36.4,7.6923,345505.19,1320280.03
603320.SH,20250225,16.91,17.23,16.86,16.94,17.17,-1.3395,60751.21,103584.106
603321.SH,20250225,7.32,7.33,7.24,7.26,7.31,-0.684,18415.0,13411.182
603322.SH,20250225,50.0,51.8,49.03,49.7,48.91,1.6152,193156.85,971099.517
603323.SH,20250225,5.15,5.17,5.08,5.1,5.16,-1.1628,213501.03,109320.939
603324.SH,20250225,27.47,27.79,27.21,27.33,27.77,-1.5844,25239.6,69304.406
603325.SH,20250225,77.98,79.49,77.9,78.2,78.58,-0.4836,4711.52,36977.623
603326.SH,20250225,7.01,7.11,6.82,6.85,7.06,-2.9745,110224.16,76137.728
603327.SH,20250225,13.92,14.39,13.9,14.02,13.88,1.0086,317821.51,450676.674
603328.SH,20250225,11.01,11.32,10.92,11.07,11.16,-0.8065,224606.63,249410.074
603329.SH,20250225,12.89,12.98,12.82,12.85,12.99,-1.0778,14832.0,19112.734
603330.SH,20250225,7.5,7.93,7.45,7.82,7.78,0.5141,94685.19,73627.822
603331.SH,20250225,9.58,9.72,9.56,9.59,9.66,-0.7246,25795.02,24879.779
603332.SH,20250225,9.31,9.41,9.23,9.26,9.35,-0.9626,41984.14,39114.992
603333.SH,20250225,4.97,5.06,4.94,5.0,5.0,0.0,104994.0,52685.48
603335.SH,20250225,4.56,4.68,4.53,4.61,4.61,0.0,106238.69,49139.592
603336.SH,20250225,4.36,4.41,4.34,4.37,4.44,-1.5766,148234.26,64734.253
603337.SH,20250225,31.7,31.75,31.06,31.2,31.84,-2.0101,42752.37,133950.654
603338.SH,20250225,55.62,56.98,55.24,56.55,56.18,0.6586,78263.97,441564.637
603339.SH,20250225,13.0,13.12,12.86,12.97,13.18,-1.5933,67540.76,87660.945
603341.SH,20250225,52.85,55.0,51.99,53.24,54.58,-2.4551,57812.75,308621.698
603344.SH,20250225,24.9,25.9,24.87,25.29,25.18,0.4369,39536.8,100520.97
603345.SH,20250225,75.5,76.13,75.16,75.9,76.21,-0.4068,31493.01,238501.012
603348.SH,20250225,23.5,24.29,23.4,24.12,23.65,1.9873,90670.72,217720.459
603350.SH,20250225,35.21,35.49,35.01,35.12,35.58,-1.2929,27198.01,95845.408
603351.SH,20250225,24.99,25.7,24.81,25.24,24.98,1.0408,7961.34,20188.494
603353.SH,20250225,14.51,14.7,14.45,14.48,14.63,-1.0253,20070.6,29177.515
603355.SH,20250225,25.39,26.03,25.12,25.57,25.44,0.511,50963.86,130590.366
603356.SH,20250225,14.67,14.9,14.5,14.66,14.67,-0.0682,41561.0,61154.467
603357.SH,20250225,9.21,9.23,9.11,9.14,9.27,-1.4024,75210.36,69054.854
603358.SH,20250225,37.12,38.86,37.12,38.23,37.99,0.6317,46347.7,176957.637
603359.SH,20250225,5.01,5.07,4.92,4.95,5.06,-2.1739,300570.37,149789.727
603360.SH,20250225,31.0,32.47,29.82,31.2,29.81,4.6629,238628.78,740788.354
603363.SH,20250225,3.27,3.27,3.22,3.23,3.28,-1.5244,65085.3,21130.756
603365.SH,20250225,15.3,15.43,15.14,15.15,15.42,-1.751,6941.0,10568.206
603366.SH,20250225,12.1,12.76,12.1,12.35,12.29,0.4882,619268.0,770003.455
603367.SH,20250225,13.23,13.25,13.12,13.13,13.24,-0.8308,22056.47,29065.292
603368.SH,20250225,17.44,17.44,17.17,17.2,17.51,-1.7704,69803.36,120999.128
603369.SH,20250225,49.0,50.06,49.0,49.5,49.59,-0.1815,68733.82,340728.674
603373.SH,20250225,30.85,31.0,30.52,30.68,31.13,-1.4456,12491.0,38414.955
603375.SH,20250225,37.62,39.58,37.52,39.15,38.11,2.7289,38976.05,151016.017
603377.SH,20250225,2.22,2.23,2.18,2.2,2.22,-0.9009,81761.0,18037.15
603378.SH,20250225,6.53,6.61,6.42,6.53,6.5,0.4615,46259.16,30146.743
603379.SH,20250225,39.65,39.95,39.14,39.15,39.71,-1.4102,30696.61,121002.388
603380.SH,20250225,27.39,27.5,26.95,27.07,27.71,-2.3096,25311.4,68790.05
603381.SH,20250225,21.43,21.69,21.41,21.57,21.56,0.0464,16106.69,34767.115
603383.SH,20250225,40.55,41.28,40.0,40.47,41.57,-2.6461,64314.51,261277.426
603385.SH,20250225,6.45,6.54,6.41,6.46,6.48,-0.3086,31572.3,20479.792
603386.SH,20250225,11.8,12.35,11.61,11.88,11.75,1.1064,136502.6,163403.488
603387.SH,20250225,8.45,8.6,8.37,8.55,8.5,0.5882,53193.36,45279.963
603388.SH,20250225,3.52,3.55,3.34,3.34,3.52,-5.1136,204003.41,68590.289
603389.SH,20250225,5.88,6.45,5.8,6.45,5.86,10.0683,170857.2,107396.578
603390.SH,20250225,10.9,11.22,10.83,11.04,11.03,0.0907,130747.46,144525.209
603391.SH,20250225,38.9,39.28,38.8,39.06,39.06,0.0,6191.73,24210.431
603392.SH,20250225,66.66,73.0,66.31,71.67,67.07,6.8585,76745.13,534411.288
603393.SH,20250225,27.97,28.12,27.73,27.86,27.98,-0.4289,27828.69,77776.941
603395.SH,20250225,49.02,49.02,47.65,48.02,50.07,-4.0943,85881.44,414593.967
603396.SH,20250225,26.8,27.47,26.71,27.14,27.05,0.3327,28735.0,78096.412
603398.SH,20250225,14.71,15.09,14.64,14.73,14.95,-1.4716,103886.0,154337.993
603399.SH,20250225,8.88,9.1,8.87,8.93,8.97,-0.4459,131756.0,118840.029
603408.SH,20250225,12.51,12.56,12.36,12.4,12.59,-1.5091,19337.88,24107.2
603416.SH,20250225,50.62,54.2,50.41,52.6,51.61,1.9182,43210.96,227836.209
603421.SH,20250225,7.51,8.35,7.45,8.35,7.59,10.0132,159435.93,128454.325
603429.SH,20250225,6.7,7.36,6.7,7.36,6.69,10.0149,89474.54,64704.89
603439.SH,20250225,12.89,12.89,12.69,12.72,12.9,-1.3953,41002.5,52288.124
603444.SH,20250225,226.0,227.96,222.6,223.3,228.59,-2.3142,12195.0,273521.592
603456.SH,20250225,13.99,14.1,13.89,13.97,14.11,-0.9922,98746.76,138320.961
603458.SH,20250225,6.72,6.82,6.64,6.66,6.78,-1.7699,66719.46,44855.174
603466.SH,20250225,9.71,9.94,9.61,9.8,9.93,-1.3092,198518.15,194121.446
603477.SH,20250225,18.08,18.28,17.54,17.73,18.47,-4.0065,242103.46,430928.079
603486.SH,20250225,60.0,61.6,59.35,60.38,61.55,-1.9009,75339.9,454074.596
603488.SH,20250225,8.11,8.17,8.03,8.06,8.11,-0.6165,33781.0,27353.996
603489.SH,20250225,26.8,27.85,26.57,27.45,27.32,0.4758,70390.7,191865.614
603496.SH,20250225,28.0,29.31,27.8,28.63,29.56,-3.1461,324059.1,925765.449
603499.SH,20250225,26.23,27.05,26.08,26.22,26.36,-0.5311,40048.0,105889.333
603500.SH,20250225,7.28,7.36,7.22,7.27,7.34,-0.9537,88884.4,64752.837
603501.SH,20250225,146.0,150.89,145.5,147.2,150.0,-1.8667,398233.95,5899527.979
603505.SH,20250225,23.53,24.04,23.32,23.73,23.53,0.85,35503.82,84163.952
603506.SH,20250225,9.41,9.78,9.41,9.58,9.6,-0.2083,36817.2,35412.254
603507.SH,20250225,23.22,23.99,23.22,23.49,23.72,-0.9696,57241.32,135039.464
603508.SH,20250225,24.48,24.94,24.21,24.59,24.63,-0.1624,68544.26,169174.199
603511.SH,20250225,15.74,15.9,15.41,15.45,16.36,-5.5623,106962.0,166843.119
603515.SH,20250225,16.5,16.5,16.27,16.28,16.52,-1.4528,10735.0,17566.461
603516.SH,20250225,53.4,57.0,52.49,54.66,55.25,-1.0679,123875.2,674785.478
603517.SH,20250225,14.85,15.06,14.77,14.91,15.02,-0.7324,114311.2,170776.931
603518.SH,20250225,8.89,8.98,8.7,8.75,8.96,-2.3438,110900.0,97813.334
603519.SH,20250225,12.51,12.77,12.41,12.6,12.61,-0.0793,39591.0,49828.596
603520.SH,20250225,8.41,8.45,8.27,8.28,8.47,-2.2432,102618.22,85690.027
603527.SH,20250225,9.83,10.04,9.76,9.9,9.91,-0.1009,103444.0,102617.636
603528.SH,20250225,9.76,9.85,9.55,9.67,10.03,-3.5892,369027.43,357716.675
603529.SH,20250225,39.33,40.44,39.31,39.68,39.74,-0.151,24013.5,95987.361
603530.SH,20250225,28.14,28.23,27.35,27.81,28.6,-2.7622,54779.0,151550.215
603533.SH,20250225,21.88,22.32,21.66,21.8,22.53,-3.2401,134294.0,294357.466
603535.SH,20250225,12.91,12.93,12.73,12.79,13.0,-1.6154,53570.63,68701.371
603536.SH,20250225,10.32,10.59,10.25,10.32,10.41,-0.8646,78435.16,81627.841
603538.SH,20250225,13.45,13.48,13.22,13.3,13.45,-1.1152,30785.91,41050.89
603551.SH,20250225,10.93,11.06,10.86,10.95,10.98,-0.2732,13439.0,14740.107
603556.SH,20250225,32.07,32.08,31.51,31.63,32.22,-1.8312,51701.48,164207.072
603557.SH,20250225,2.2,2.21,2.16,2.17,2.21,-1.81,82636.71,18018.858
603558.SH,20250225,10.4,10.4,10.03,10.08,10.41,-3.17,46883.75,47740.571
603559.SH,20250225,8.7,9.04,8.57,8.99,8.71,3.2147,28652.0,25481.794
603565.SH,20250225,8.88,9.05,8.85,9.0,8.94,0.6711,61749.09,55361.76
603566.SH,20250225,12.22,12.23,11.93,11.94,12.3,-2.9268,63299.0,76190.549
603567.SH,20250225,10.85,10.87,10.74,10.78,10.9,-1.1009,32591.0,35194.976
603568.SH,20250225,19.21,19.8,19.08,19.37,19.28,0.4668,68622.5,133809.513
603569.SH,20250225,7.29,7.39,7.25,7.3,7.34,-0.545,49731.0,36449.883
603577.SH,20250225,8.43,8.49,8.36,8.38,8.48,-1.1792,40036.0,33666.038
603578.SH,20250225,13.15,13.3,13.02,13.09,13.19,-0.7582,13796.28,18132.936
603579.SH,20250225,16.45,16.57,16.24,16.25,16.58,-1.9903,64569.84,105767.657
603580.SH,20250225,18.0,18.18,17.9,17.92,18.12,-1.1038,22162.0,39921.808
603583.SH,20250225,39.99,44.8,39.7,43.7,41.54,5.1998,350638.27,1496446.559
603585.SH,20250225,12.45,12.65,12.35,12.46,12.49,-0.2402,20512.8,25649.475
603586.SH,20250225,14.3,14.89,14.22,14.7,14.35,2.439,50074.54,73004.607
603587.SH,20250225,12.03,12.03,11.89,11.92,12.05,-1.0788,21126.0,25266.422
603588.SH,20250225,5.24,5.25,5.19,5.22,5.27,-0.9488,233046.68,121624.861
603589.SH,20250225,36.0,36.03,35.56,35.57,36.35,-2.1458,64372.74,230442.412
603590.SH,20250225,23.73,24.46,23.41,24.01,23.67,1.4364,13856.08,33245.784
603595.SH,20250225,19.14,19.5,19.08,19.29,19.31,-0.1036,32872.0,63509.246
603596.SH,20250225,58.22,62.7,58.2,61.0,58.95,3.4775,186296.25,1135073.409
603598.SH,20250225,19.45,20.1,19.37,19.76,19.96,-1.002,140896.75,278946.652
603599.SH,20250225,11.25,11.38,11.17,11.22,11.3,-0.708,53912.74,60695.716
603600.SH,20250225,11.7,11.73,11.56,11.58,11.75,-1.4468,34554.37,40176.62
603601.SH,20250225,3.49,3.56,3.46,3.54,3.52,0.5682,163928.0,57735.964
603602.SH,20250225,18.92,19.48,18.8,18.89,19.3,-2.1244,115246.94,219644.616
603605.SH,20250225,84.93,85.2,83.85,83.92,85.39,-1.7215,38747.95,326541.296
603606.SH,20250225,45.65,47.66,45.59,46.43,46.02,0.8909,178425.57,836835.959
603607.SH,20250225,17.8,18.25,17.68,17.93,18.02,-0.4994,51710.52,93130.978
603608.SH,20250225,4.14,4.2,3.98,4.0,4.11,-2.6764,49337.8,20057.735
603609.SH,20250225,7.4,7.41,7.24,7.25,7.44,-2.5538,73529.0,53613.827
603610.SH,20250225,11.85,12.15,11.77,12.0,12.02,-0.1664,65024.57,77753.93
603611.SH,20250225,19.1,19.44,18.97,19.21,19.3,-0.4663,55334.8,106551.985
603612.SH,20250225,17.09,17.46,17.08,17.21,17.26,-0.2897,118409.39,204777.048
603613.SH,20250225,28.36,28.76,28.2,28.32,28.72,-1.3928,118627.39,337571.534
603615.SH,20250225,22.19,23.2,22.0,22.41,22.18,1.037,38676.0,87864.623
603616.SH,20250225,3.58,3.64,3.55,3.57,3.6,-0.8333,86573.0,31136.694
603617.SH,20250225,7.81,7.94,7.78,7.83,7.96,-1.6332,211727.0,166302.587
603618.SH,20250225,6.4,6.51,6.36,6.4,6.51,-1.6897,307420.0,197505.693
603619.SH,20250225,18.37,18.48,17.98,18.0,18.53,-2.8602,156860.08,285183.204
603626.SH,20250225,8.69,9.56,8.6,9.56,8.69,10.0115,616576.8,581127.323
603628.SH,20250225,12.74,12.98,12.64,12.79,12.76,0.2351,68324.85,87771.609
603629.SH,20250225,26.88,27.5,26.19,26.38,28.71,-8.1156,281172.04,753469.308
603630.SH,20250225,12.42,12.63,12.39,12.42,12.58,-1.2719,23555.2,29425.053
603633.SH,20250225,8.7,8.99,8.64,8.88,8.82,0.6803,153916.33,136432.603
603636.SH,20250225,15.15,15.74,15.13,15.44,15.6,-1.0256,405593.09,624922.497
603637.SH,20250225,9.51,9.55,9.39,9.41,9.56,-1.569,71746.85,67782.31
603638.SH,20250225,18.98,19.49,18.66,19.33,19.18,0.7821,68048.34,130700.2
603639.SH,20250225,12.39,12.39,12.25,12.35,12.4,-0.4032,12041.52,14829.707
603648.SH,20250225,10.19,10.37,10.05,10.16,10.3,-1.3592,77897.56,79265.614
603650.SH,20250225,34.42,35.2,33.93,34.59,34.81,-0.632,94765.55,326960.6
603655.SH,20250225,22.88,23.2,22.53,22.78,22.88,-0.4371,9422.0,21471.777
603656.SH,20250225,19.88,20.18,19.81,19.84,20.13,-1.4406,42666.0,84971.298
603657.SH,20250225,15.8,16.01,15.64,15.71,16.03,-1.9963,43513.0,68770.619
603658.SH,20250225,41.87,42.0,41.36,41.59,42.27,-1.6087,40434.83,168360.614
603659.SH,20250225,16.37,17.25,16.27,16.96,16.59,2.2303,406592.7,683335.725
603660.SH,20250225,8.05,8.21,7.96,8.0,8.22,-2.6764,305427.32,246451.773
603661.SH,20250225,30.4,30.58,30.28,30.31,30.55,-0.7856,5895.55,17913.992
603662.SH,20250225,86.88,88.88,83.0,83.3,86.35,-3.5321,445101.78,3825833.918
603663.SH,20250225,20.68,21.96,20.68,21.31,21.18,0.6138,144951.29,310416.434
603665.SH,20250225,19.25,20.25,18.6,19.69,19.25,2.2857,134210.08,258870.948
603666.SH,20250225,36.14,41.08,36.14,38.46,38.03,1.1307,199237.68,769409.758
603667.SH,20250225,43.45,49.64,43.3,48.36,45.13,7.1571,856477.52,3997248.731
603668.SH,20250225,11.17,11.72,11.1,11.51,11.28,2.039,152131.95,173465.571
603669.SH,20250225,4.88,5.16,4.85,4.94,4.93,0.2028,163384.66,82141.12
603676.SH,20250225,9.47,9.56,9.31,9.32,9.53,-2.2036,23625.83,22261.367
603677.SH,20250225,15.67,16.27,15.62,15.94,15.99,-0.3127,55212.55,88212.971
603678.SH,20250225,29.6,29.69,28.92,29.3,30.0,-2.3333,81362.51,239025.991
603679.SH,20250225,13.62,14.05,13.51,13.89,13.75,1.0182,53593.4,74133.396
603680.SH,20250225,8.6,8.8,8.58,8.67,8.72,-0.5734,39724.95,34558.562
603681.SH,20250225,13.6,13.98,13.55,13.69,13.74,-0.3639,30731.0,42293.814
603682.SH,20250225,5.87,6.06,5.8,5.94,5.92,0.3378,214443.0,128052.719
603683.SH,20250225,10.27,10.5,10.22,10.44,10.41,0.2882,103673.8,107744.838
603685.SH,20250225,12.58,12.61,12.36,12.51,12.57,-0.4773,9004.99,11271.64
603686.SH,20250225,11.28,11.48,11.24,11.33,11.41,-0.7011,190178.0,216113.191
603687.SH,20250225,7.05,7.21,6.99,7.07,7.09,-0.2821,114006.0,81072.284
603688.SH,20250225,26.5,26.99,26.35,26.43,26.69,-0.9741,48710.33,129889.984
603689.SH,20250225,8.41,8.43,8.35,8.36,8.45,-1.0651,18413.0,15433.141
603693.SH,20250225,9.88,9.91,9.77,9.79,9.92,-1.3105,25211.08,24800.364
603696.SH,20250225,8.28,8.43,8.22,8.36,8.34,0.2398,46565.42,38750.596
603697.SH,20250225,8.62,8.79,8.62,8.65,8.73,-0.9164,33034.6,28701.431
603698.SH,20250225,16.83,17.26,16.75,17.05,16.96,0.5307,39517.3,67314.876
603699.SH,20250225,25.36,25.99,25.12,25.21,25.52,-1.2147,53908.0,136957.883
603700.SH,20250225,10.19,10.24,10.1,10.12,10.21,-0.8815,19430.0,19753.891
603701.SH,20250225,15.72,15.79,15.5,15.61,15.7,-0.5732,21085.27,32964.142
603703.SH,20250225,13.45,13.92,13.36,13.49,13.93,-3.1587,326366.53,445579.001
603706.SH,20250225,17.49,17.58,17.36,17.45,17.6,-0.8523,8564.0,14926.079
603707.SH,20250225,13.08,13.13,12.56,12.73,13.14,-3.1202,140599.85,179136.625
603708.SH,20250225,9.98,10.19,9.92,9.98,10.05,-0.6965,45602.9,45890.585
603709.SH,20250225,11.13,11.3,10.97,11.0,11.26,-2.3091,24987.63,27793.057
603711.SH,20250225,14.31,14.69,14.23,14.29,14.23,0.4216,67327.72,96737.875
603712.SH,20250225,17.66,17.88,17.55,17.65,17.87,-1.2311,99059.0,175259.796
603713.SH,20250225,48.4,48.46,47.88,48.15,48.46,-0.6397,7893.41,38053.486
603716.SH,20250225,10.01,10.59,9.8,10.17,10.29,-1.1662,290529.43,295198.486
603717.SH,20250225,7.88,7.96,7.72,7.73,7.99,-3.2541,170667.6,133200.875
603718.SH,20250225,7.15,7.23,7.09,7.12,7.2,-1.1111,46101.0,32974.044
603719.SH,20250225,12.5,12.66,12.37,12.47,12.6,-1.0317,71909.0,90108.615
603721.SH,20250225,30.36,31.85,30.18,30.3,33.53,-9.6332,205340.6,634195.0
603722.SH,20250225,43.2,44.68,42.89,43.86,43.8,0.137,8410.45,37009.947
603725.SH,20250225,6.46,6.49,6.37,6.39,6.49,-1.5408,43185.0,27782.615
603726.SH,20250225,16.31,16.65,16.23,16.41,16.38,0.1832,30972.2,51119.56
603727.SH,20250225,12.91,13.88,12.91,13.68,13.04,4.908,144049.28,195944.932
603728.SH,20250225,80.5,90.08,80.2,86.3,84.68,1.9131,201053.98,1725642.404
603729.SH,20250225,16.68,16.82,16.33,16.5,16.89,-2.3091,57338.2,94904.543
603730.SH,20250225,8.7,8.79,8.64,8.69,8.75,-0.6857,70242.66,61250.985
603733.SH,20250225,20.31,20.42,20.06,20.26,20.43,-0.8321,34568.44,70019.751
603737.SH,20250225,45.85,46.15,43.88,44.2,46.25,-4.4324,37867.65,169658.604
603738.SH,20250225,16.58,16.98,16.5,16.72,16.95,-1.3569,133698.42,224380.799
603739.SH,20250225,13.27,13.29,12.99,13.11,13.26,-1.1312,53034.0,69668.061
603755.SH,20250225,26.71,27.5,26.7,26.99,26.9,0.3346,18511.05,49969.757
603757.SH,20250225,20.67,20.96,20.58,20.7,21.02,-1.5224,19131.3,39714.354
603758.SH,20250225,11.99,13.19,11.82,12.66,12.2,3.7705,201417.86,249597.192
603759.SH,20250225,7.66,7.78,7.56,7.68,7.72,-0.5181,78776.52,60558.116
603766.SH,20250225,10.87,11.12,10.71,10.85,11.1,-2.2523,395779.98,430751.067
603767.SH,20250225,12.87,13.2,12.77,13.09,12.99,0.7698,110121.0,143996.649
603768.SH,20250225,13.16,13.33,13.02,13.21,13.19,0.1516,49569.89,65487.699
603773.SH,20250225,25.8,26.69,25.36,25.78,25.68,0.3894,99242.18,258759.567
603776.SH,20250225,14.54,14.77,14.42,14.62,14.79,-1.1494,79941.6,116606.64
603777.SH,20250225,14.5,14.9,14.5,14.56,14.7,-0.9524,146763.13,215656.324
603778.SH,20250225,3.23,3.32,3.22,3.25,3.27,-0.6116,164057.99,53608.981
603779.SH,20250225,7.87,8.01,7.8,7.84,7.92,-1.0101,107545.0,85022.185
603786.SH,20250225,69.91,71.9,67.88,70.23,70.39,-0.2273,30024.23,209737.445
603787.SH,20250225,10.38,10.47,10.31,10.37,10.41,-0.3842,20480.0,21299.359
603788.SH,20250225,14.91,15.25,14.91,15.06,15.06,0.0,28067.2,42362.295
603789.SH,20250225,8.75,9.52,8.5,8.5,8.66,-1.8476,454551.33,409879.417
603790.SH,20250225,12.29,12.56,12.11,12.46,12.36,0.8091,15760.0,19419.715
603797.SH,20250225,4.02,4.03,3.98,3.99,4.03,-0.9926,24150.0,9670.757
603798.SH,20250225,9.18,9.26,9.08,9.1,9.29,-2.0452,40172.15,36835.434
603799.SH,20250225,31.52,33.08,31.41,32.08,30.7,4.4951,1065522.97,3437322.109
603800.SH,20250225,31.0,31.87,30.86,31.22,32.07,-2.6505,69326.87,217452.78
603801.SH,20250225,11.66,11.78,11.49,11.52,11.79,-2.2901,53864.4,62501.348
603803.SH,20250225,11.8,12.85,11.7,12.18,12.01,1.4155,434740.11,534087.243
603806.SH,20250225,14.25,14.77,14.12,14.54,14.35,1.324,337925.89,489508.5
603808.SH,20250225,7.15,7.3,7.12,7.17,7.21,-0.5548,39843.49,28761.957
603809.SH,20250225,17.6,18.28,16.95,17.7,18.3,-3.2787,510071.0,893787.471
603810.SH,20250225,11.08,11.6,11.0,11.34,11.21,1.1597,49155.0,55892.599
603811.SH,20250225,7.95,7.97,7.84,7.85,7.97,-1.5056,31096.51,24563.21
603813.SH,20250225,12.5,13.5,12.5,13.03,12.79,1.8765,48630.92,63706.045
603815.SH,20250225,6.64,6.68,6.52,6.58,6.68,-1.497,92467.0,60826.166
603816.SH,20250225,27.41,27.63,27.3,27.31,27.59,-1.0149,33323.3,91351.314
603817.SH,20250225,5.75,5.81,5.7,5.72,5.76,-0.6944,41192.29,23662.712
603818.SH,20250225,2.93,3.03,2.91,2.97,2.96,0.3378,243297.0,72421.573
603819.SH,20250225,14.53,15.95,14.46,15.52,14.75,5.2203,78836.58,121939.575
603822.SH,20250225,46.97,50.29,46.78,49.48,47.0,5.2766,28505.02,140444.992
603823.SH,20250225,9.48,9.54,9.4,9.42,9.54,-1.2579,37377.36,35372.502
603825.SH,20250225,14.45,14.63,14.35,14.37,14.75,-2.5763,175057.2,253206.007
603826.SH,20250225,19.6,19.82,19.51,19.64,19.74,-0.5066,37580.8,73758.997
603828.SH,20250225,3.12,3.26,3.1,3.21,3.12,2.8846,98034.5,31365.17
603829.SH,20250225,14.0,14.05,13.89,13.99,14.09,-0.7097,13876.0,19369.933
603833.SH,20250225,63.5,63.57,61.7,61.7,63.95,-3.5184,29445.81,183666.67
603836.SH,20250225,12.73,12.73,12.26,12.29,12.35,-0.4858,28757.0,35890.66
603838.SH,20250225,5.51,5.71,5.46,5.52,5.51,0.1815,72130.0,40289.275
603839.SH,20250225,5.6,5.65,5.51,5.54,5.64,-1.773,57582.0,32076.544
603843.SH,20250225,3.32,3.38,3.28,3.28,3.39,-3.2448,150774.8,50101.376
603848.SH,20250225,14.25,14.45,14.18,14.31,14.41,-0.694,34621.0,49634.775
603855.SH,20250225,20.52,20.71,20.42,20.58,20.6,-0.0971,13794.0,28379.502
603856.SH,20250225,10.94,11.08,10.89,10.9,11.05,-1.3575,13650.85,14984.615
603858.SH,20250225,14.82,14.91,14.77,14.78,14.89,-0.7388,38863.92,57625.26
603859.SH,20250225,33.5,34.19,33.26,33.65,34.09,-1.2907,94281.73,316998.425
603860.SH,20250225,30.25,30.53,29.92,30.02,30.68,-2.1512,14353.23,43375.188
603861.SH,20250225,9.6,9.71,9.48,9.58,9.64,-0.6224,137356.55,132093.173
603863.SH,20250225,16.65,16.88,16.45,16.57,16.84,-1.6033,54346.0,90456.192
603866.SH,20250225,5.8,5.81,5.73,5.75,5.84,-1.5411,154015.23,88880.177
603867.SH,20250225,24.53,24.7,24.0,24.45,24.65,-0.8114,16037.0,39197.933
603868.SH,20250225,35.28,35.5,35.01,35.02,35.52,-1.4077,9051.0,31861.328
603869.SH,20250225,6.01,6.04,5.96,5.97,6.06,-1.4851,20125.9,12078.618
603871.SH,20250225,15.91,15.97,15.77,15.8,15.97,-1.0645,87550.52,138488.915
603876.SH,20250225,8.62,8.75,8.6,8.66,8.69,-0.3452,86711.15,75356.976
603877.SH,20250225,14.42,14.59,14.1,14.12,14.52,-2.7548,23669.89,33977.866
603878.SH,20250225,5.35,5.37,5.31,5.32,5.37,-0.9311,55274.72,29489.894
603879.SH,20250225,4.3,4.39,4.21,4.23,4.19,0.9547,157933.62,68050.14
603880.SH,20250225,5.4,5.48,5.35,5.37,5.42,-0.9225,35144.26,18965.548
603881.SH,20250225,38.24,44.18,38.24,40.99,42.49,-3.5302,1315073.81,5265509.719
603882.SH,20250225,36.36,38.06,36.11,36.72,37.29,-1.5286,184412.22,682834.448
603883.SH,20250225,16.34,16.35,15.96,15.99,16.44,-2.7372,170940.11,276249.185
603885.SH,20250225,13.0,13.28,12.85,12.99,13.11,-0.9153,198316.39,259590.01
603886.SH,20250225,13.24,13.26,13.13,13.16,13.26,-0.7541,12604.0,16627.063
603887.SH,20250225,17.89,18.74,17.8,18.28,18.68,-2.1413,661974.4,1213321.415
603888.SH,20250225,25.88,26.35,25.7,25.85,26.46,-2.3054,231301.71,602008.238
603889.SH,20250225,6.4,6.42,6.34,6.36,6.44,-1.2422,57411.65,36599.139
603890.SH,20250225,13.46,13.98,13.32,13.69,13.7,-0.073,399441.08,548065.386
603893.SH,20250225,165.72,176.58,165.0,169.82,171.8,-1.1525,159804.2,2720100.976
603895.SH,20250225,25.6,27.85,25.6,27.28,26.33,3.6081,30197.83,81533.705
603896.SH,20250225,20.34,20.34,20.07,20.08,20.36,-1.3752,23903.5,48162.506
603897.SH,20250225,23.71,23.9,23.42,23.54,23.76,-0.9259,37823.0,89412.455
603898.SH,20250225,9.49,9.98,9.38,9.73,9.48,2.6371,37846.95,36679.567
603899.SH,20250225,27.53,27.56,27.04,27.08,27.7,-2.2383,74419.66,202826.137
603900.SH,20250225,6.06,6.26,5.99,6.03,6.07,-0.659,183649.4,112591.73
603901.SH,20250225,9.66,10.17,9.66,10.03,9.89,1.4156,190337.88,190078.302
603903.SH,20250225,6.9,6.92,6.77,6.79,6.93,-2.0202,68007.0,46474.155
603906.SH,20250225,11.62,12.46,11.51,11.9,11.82,0.6768,358877.98,432327.9
603908.SH,20250225,23.61,23.65,23.03,23.16,23.71,-2.3197,17870.8,41701.734
603909.SH,20250225,9.08,9.15,8.81,8.86,9.17,-3.3806,27131.76,24188.096
603912.SH,20250225,9.61,9.87,9.55,9.69,9.88,-1.9231,428768.51,416926.485
603915.SH,20250225,18.3,20.48,18.3,20.48,18.62,9.9893,301257.2,595223.163
603916.SH,20250225,7.69,7.78,7.6,7.63,7.68,-0.651,51075.0,39263.917
603917.SH,20250225,13.78,14.38,13.51,13.82,13.91,-0.647,168046.45,233465.563
603918.SH,20250225,20.3,20.33,19.38,19.5,21.15,-7.8014,672846.8,1333135.455
603919.SH,20250225,18.35,18.36,18.16,18.21,18.41,-1.0864,30155.31,55006.657
603920.SH,20250225,38.73,39.66,37.62,38.57,38.09,1.2602,384417.96,1482074.556
603922.SH,20250225,28.01,28.22,26.58,26.58,27.8,-4.3885,77587.38,210233.216
603926.SH,20250225,10.38,10.39,9.99,10.01,10.23,-2.1505,85899.12,87077.174
603927.SH,20250225,23.7,24.21,23.54,23.74,24.35,-2.5051,180400.95,429518.503
603928.SH,20250225,10.36,10.68,10.34,10.49,10.52,-0.2852,82489.7,86953.642
603929.SH,20250225,33.09,35.27,32.9,34.25,33.5,2.2388,65769.0,224792.623
603931.SH,20250225,23.69,24.28,23.62,23.92,23.96,-0.1669,27525.1,65877.535
603933.SH,20250225,17.05,17.43,16.98,17.17,17.3,-0.7514,51373.0,88484.516
603936.SH,20250225,8.49,8.73,8.45,8.61,8.62,-0.116,183474.71,158065.137
603937.SH,20250225,9.3,9.35,9.01,9.04,9.4,-3.8298,49169.0,44758.502
603938.SH,20250225,11.13,11.16,10.97,10.98,11.19,-1.8767,21771.91,24048.786
603939.SH,20250225,24.32,24.44,23.46,23.61,24.5,-3.6327,81456.89,194383.246
603948.SH,20250225,18.43,18.75,18.37,18.6,18.6,0.0,9937.0,18526.68
603949.SH,20250225,14.3,14.3,14.3,14.3,13.0,10.0,31939.6,45673.628
603950.SH,20250225,26.18,29.2,26.18,28.1,27.6,1.8116,144283.17,404967.912
603955.SH,20250225,19.28,19.8,19.11,19.23,19.26,-0.1558,67608.0,131561.143
603956.SH,20250225,9.5,11.0,9.35,11.0,10.0,10.0,876894.87,923452.595
603958.SH,20250225,13.94,14.9,13.76,14.44,13.94,3.5868,128040.0,185283.779
603959.SH,20250225,3.75,3.82,3.73,3.74,3.8,-1.5789,50333.6,18962.052
603960.SH,20250225,20.64,21.45,20.57,21.22,20.92,1.434,122250.0,259514.071
603966.SH,20250225,8.28,8.39,8.23,8.27,8.34,-0.8393,58121.4,48330.417
603967.SH,20250225,10.01,10.02,9.91,9.96,10.02,-0.5988,23923.3,23861.74
603968.SH,20250225,9.89,10.07,9.88,9.96,10.02,-0.5988,18921.0,18910.351
603969.SH,20250225,5.98,6.02,5.85,5.87,6.0,-2.1667,186495.97,110432.695
603970.SH,20250225,14.03,14.15,13.85,13.86,14.27,-2.8732,42148.2,58962.812
603976.SH,20250225,16.78,16.85,16.6,16.68,16.81,-0.7733,7557.0,12646.415
603977.SH,20250225,11.68,11.7,11.3,11.33,11.76,-3.6565,115948.86,132570.181
603978.SH,20250225,13.19,13.4,13.05,13.15,13.33,-1.3503,41848.0,55445.488
603979.SH,20250225,39.55,39.68,38.7,38.91,39.74,-2.0886,49230.04,192904.113
603980.SH,20250225,4.84,4.91,4.81,4.85,4.92,-1.4228,138641.4,67420.106
603982.SH,20250225,8.28,8.45,8.2,8.37,8.32,0.601,37784.0,31594.624
603983.SH,20250225,30.18,30.98,30.05,30.31,30.53,-0.7206,12178.14,37284.063
603985.SH,20250225,12.63,13.15,12.62,12.94,12.9,0.3101,125587.94,162361.133
603986.SH,20250225,139.0,141.75,135.36,137.0,143.0,-4.1958,359208.69,4950144.51
603987.SH,20250225,7.45,7.45,7.3,7.31,7.46,-2.0107,47524.31,35002.562
603988.SH,20250225,20.52,20.55,20.0,20.07,20.5,-2.0976,56144.96,113442.11
603989.SH,20250225,16.69,16.93,16.6,16.71,16.9,-1.1243,68319.24,114465.492
603990.SH,20250225,15.08,15.99,14.82,15.52,15.43,0.5833,560123.4,869858.475
603991.SH,20250225,57.52,63.23,57.52,63.23,57.48,10.0035,104974.0,651644.891
603992.SH,20250225,20.08,21.27,19.69,21.0,20.06,4.6859,73071.61,150690.045
603993.SH,20250225,6.89,6.9,6.75,6.77,6.92,-2.1676,1799819.75,1225641.927
603995.SH,20250225,19.13,19.13,18.68,18.73,19.13,-2.091,31117.57,58653.285
603997.SH,20250225,10.8,11.88,10.71,11.88,10.8,10.0,270687.06,310698.118
603998.SH,20250225,9.15,9.17,9.06,9.07,9.19,-1.3058,102043.0,92813.243
603999.SH,20250225,6.38,6.68,6.36,6.42,6.46,-0.6192,173564.4,112542.204
605001.SH,20250225,6.69,6.8,6.66,6.69,6.75,-0.8889,78144.1,52591.657
605003.SH,20250225,18.15,18.15,17.88,17.97,18.2,-1.2637,5436.62,9779.963
605005.SH,20250225,16.22,16.71,16.14,16.37,16.3,0.4294,14864.0,24441.838
605006.SH,20250225,6.65,6.78,6.5,6.57,6.74,-2.5223,190186.6,126556.609
605007.SH,20250225,12.11,12.17,12.03,12.07,12.15,-0.6584,10403.0,12598.553
605008.SH,20250225,13.2,13.45,13.1,13.1,13.5,-2.963,68462.6,90686.311
605009.SH,20250225,37.64,37.78,37.22,37.34,37.82,-1.2692,8015.36,30061.062
605011.SH,20250225,22.6,22.91,22.4,22.62,22.9,-1.2227,37136.0,84180.021
605016.SH,20250225,19.05,19.05,18.37,18.46,19.05,-3.0971,42825.55,79966.685
605018.SH,20250225,12.45,13.67,12.42,13.31,12.52,6.3099,189918.73,249930.677
605020.SH,20250225,20.39,20.76,20.36,20.48,20.83,-1.6803,44406.97,91387.694
605028.SH,20250225,17.01,17.15,16.89,16.9,17.16,-1.5152,19369.0,32965.165
605033.SH,20250225,19.5,19.98,19.41,19.63,20.0,-1.85,54525.44,107608.611
605050.SH,20250225,10.76,11.19,10.76,10.93,10.82,1.0166,56925.0,62608.926
605055.SH,20250225,5.32,5.34,5.24,5.26,5.32,-1.1278,36621.0,19354.09
605056.SH,20250225,13.96,14.15,13.85,14.06,14.07,-0.0711,26098.9,36609.013
605058.SH,20250225,22.45,22.85,22.38,22.5,22.7,-0.8811,29478.12,66684.064
605060.SH,20250225,23.23,23.87,22.77,23.22,23.54,-1.3594,57196.09,134089.2
605066.SH,20250225,6.66,6.72,6.61,6.62,6.76,-2.071,163624.75,108931.65
605068.SH,20250225,13.3,13.54,13.3,13.43,13.48,-0.3709,16823.76,22667.889
605069.SH,20250225,8.34,8.59,8.25,8.3,8.37,-0.8363,91018.1,76922.211
605077.SH,20250225,15.15,15.37,15.03,15.2,15.19,0.0658,23201.87,35280.284
605080.SH,20250225,27.62,28.65,27.62,27.77,28.21,-1.5597,10129.23,28539.279
605081.SH,20250225,10.35,10.43,10.1,10.14,10.46,-3.0593,35358.0,36217.961
605086.SH,20250225,31.74,33.7,31.74,32.82,32.06,2.3706,38315.64,125693.44
605088.SH,20250225,36.63,37.25,35.89,36.2,37.4,-3.2086,69575.41,254606.971
605089.SH,20250225,24.8,25.25,24.5,24.58,25.02,-1.7586,9906.48,24532.936
605090.SH,20250225,26.27,26.39,26.1,26.15,26.34,-0.7213,29719.0,77925.377
605098.SH,20250225,40.38,40.77,39.5,39.9,40.9,-2.445,19120.4,76609.947
605099.SH,20250225,21.02,21.18,20.68,20.74,21.15,-1.9385,10527.0,21999.031
605100.SH,20250225,17.3,19.03,16.43,19.03,17.3,10.0,191373.28,341166.604
605108.SH,20250225,20.08,20.24,19.79,20.03,20.26,-1.1352,37377.39,74634.922
605111.SH,20250225,35.4,35.95,35.07,35.47,35.99,-1.4448,157759.26,560703.886
605116.SH,20250225,20.66,20.66,20.17,20.25,20.79,-2.5974,20425.0,41665.616
605117.SH,20250225,91.28,94.45,90.74,92.08,91.84,0.2613,88357.26,821442.208
605118.SH,20250225,19.96,20.21,19.71,20.03,20.16,-0.6448,47271.7,94342.062
605122.SH,20250225,12.32,12.39,12.0,12.31,12.36,-0.4045,30887.5,37809.514
605123.SH,20250225,51.58,52.0,51.27,51.45,52.05,-1.1527,10094.98,52140.094
605128.SH,20250225,44.46,46.5,43.82,44.73,45.1,-0.8204,40086.52,180348.809
605133.SH,20250225,27.77,28.87,27.69,28.28,28.29,-0.0353,56723.0,161529.593
605136.SH,20250225,7.54,7.69,7.46,7.51,7.6,-1.1842,92729.0,70283.455
605138.SH,20250225,5.78,5.85,5.77,5.77,5.83,-1.0292,17523.0,10174.872
605151.SH,20250225,16.78,17.11,16.68,16.91,16.88,0.1777,11291.0,19094.662
605155.SH,20250225,10.58,10.66,10.53,10.54,10.64,-0.9398,23412.84,24793.242
605158.SH,20250225,9.26,9.26,9.08,9.09,9.3,-2.2581,47199.8,43169.519
605162.SH,20250225,6.98,7.04,6.96,6.97,7.02,-0.7123,32930.1,23044.93
605166.SH,20250225,12.68,13.39,12.5,13.25,12.47,6.255,271030.4,353826.054
605167.SH,20250225,9.31,9.62,9.24,9.41,9.34,0.7495,43914.79,41419.847
605168.SH,20250225,31.71,31.88,31.1,31.28,32.1,-2.5545,50986.21,160481.093
605169.SH,20250225,9.88,9.95,9.86,9.86,9.93,-0.7049,13292.36,13154.42
605177.SH,20250225,19.38,19.65,19.2,19.55,19.48,0.3593,14133.57,27546.995
605178.SH,20250225,16.27,16.3,16.04,16.04,16.39,-2.1354,15697.0,25378.215
605179.SH,20250225,19.0,20.2,19.0,19.49,19.39,0.5157,117056.19,229466.827
605180.SH,20250225,13.5,13.5,13.22,13.26,13.51,-1.8505,23778.0,31683.161
605183.SH,20250225,17.19,17.4,17.07,17.23,17.3,-0.4046,19837.0,34217.884
605186.SH,20250225,23.2,23.56,22.99,23.1,23.62,-2.2015,35957.0,83486.343
605188.SH,20250225,7.12,7.24,7.06,7.11,7.12,-0.1404,30636.0,21916.886
605189.SH,20250225,12.78,12.84,12.66,12.73,12.84,-0.8567,8685.08,11064.24
605196.SH,20250225,11.6,11.6,11.31,11.35,11.55,-1.7316,71663.47,81647.119
605198.SH,20250225,30.61,31.42,30.34,31.08,30.85,0.7455,8054.24,24993.992
605199.SH,20250225,16.65,16.81,16.37,16.48,16.74,-1.5532,77775.0,129200.454
605208.SH,20250225,9.97,10.19,9.75,10.19,9.26,10.0432,224777.39,226960.159
605218.SH,20250225,24.14,24.73,24.08,24.29,24.53,-0.9784,52990.15,129518.608
605222.SH,20250225,16.08,16.22,15.7,15.76,16.28,-3.1941,53211.32,84604.465
605228.SH,20250225,11.7,11.7,10.6,10.77,10.69,0.7484,173937.62,191703.336
605255.SH,20250225,15.03,15.28,14.82,15.12,15.57,-2.8902,90378.73,136486.139
605258.SH,20250225,33.14,33.96,32.9,33.62,33.7,-0.2374,30621.64,102695.696
605259.SH,20250225,15.78,16.13,15.61,15.76,15.83,-0.4422,25640.96,40543.18
605266.SH,20250225,20.98,21.27,20.86,20.9,21.21,-1.4616,22938.68,48229.639
605268.SH,20250225,8.3,8.44,8.27,8.42,8.41,0.1189,33037.0,27623.274
605277.SH,20250225,16.86,17.32,16.7,16.92,17.24,-1.8561,150879.11,256345.283
605286.SH,20250225,37.84,38.29,36.84,37.63,38.12,-1.2854,36004.0,134734.375
605287.SH,20250225,13.2,13.36,12.82,12.88,13.2,-2.4242,92314.49,120820.272
605288.SH,20250225,39.02,39.69,38.8,39.04,39.66,-1.5633,15311.8,60121.122
605289.SH,20250225,25.92,26.4,25.84,26.12,26.36,-0.9105,17821.0,46641.895
605296.SH,20250225,26.53,26.76,26.21,26.27,27.12,-3.1342,43904.5,115990.688
605298.SH,20250225,14.0,14.65,14.0,14.29,14.3,-0.0699,42663.71,61223.577
605299.SH,20250225,9.04,9.13,8.89,8.93,9.23,-3.2503,76841.9,69217.409
605300.SH,20250225,14.68,15.65,14.48,15.23,14.52,4.8898,143853.37,216010.489
605303.SH,20250225,8.49,8.8,8.49,8.7,8.6,1.1628,27543.0,23880.477
605305.SH,20250225,27.0,27.38,26.77,26.97,27.12,-0.5531,36183.17,97798.596
605318.SH,20250225,20.8,20.92,20.62,20.71,20.79,-0.3848,14429.0,29936.045
605319.SH,20250225,30.18,31.97,29.65,29.9,30.57,-2.1917,170103.81,521664.089
605333.SH,20250225,33.0,35.16,32.69,34.02,33.24,2.3466,77131.39,262481.464
605336.SH,20250225,17.67,19.15,17.21,19.15,17.85,7.2829,150003.23,275492.292
605337.SH,20250225,10.69,10.87,10.63,10.65,10.75,-0.9302,55626.01,59661.942
605338.SH,20250225,17.03,17.16,16.72,16.76,17.09,-1.931,31167.98,52584.654
605339.SH,20250225,16.63,16.85,16.63,16.75,16.75,0.0,16343.0,27393.127
605358.SH,20250225,25.43,27.04,25.15,26.32,25.75,2.2136,182046.6,478869.941
605365.SH,20250225,15.72,16.28,15.69,16.03,15.96,0.4386,31651.3,50715.628
605366.SH,20250225,6.06,6.52,6.01,6.34,6.11,3.7643,258024.17,161781.439
605368.SH,20250225,10.51,10.51,10.28,10.34,10.51,-1.6175,73223.87,75861.286
605369.SH,20250225,28.54,28.85,28.44,28.58,28.72,-0.4875,5551.0,15912.224
605376.SH,20250225,38.0,40.38,37.92,39.61,41.21,-3.8826,117706.67,464283.006
605377.SH,20250225,12.07,12.18,12.03,12.07,12.15,-0.6584,16547.0,20012.525
605378.SH,20250225,24.63,24.98,24.11,24.3,25.1,-3.1873,90922.36,222392.58
605388.SH,20250225,6.1,6.2,6.1,6.14,6.16,-0.3247,44486.0,27352.993
605389.SH,20250225,29.8,30.56,29.71,29.86,30.5,-2.0984,20078.2,60452.424
605398.SH,20250225,36.64,38.32,36.5,38.01,37.51,1.333,113939.2,430537.904
605399.SH,20250225,11.36,11.69,11.34,11.51,11.49,0.1741,46467.41,53697.703
605488.SH,20250225,50.63,56.0,50.63,52.0,56.25,-7.5556,198294.57,1035328.338
605499.SH,20250225,212.05,214.8,209.08,209.99,214.0,-1.8738,34484.88,727863.839
605500.SH,20250225,7.2,7.2,7.01,7.06,7.2,-1.9444,14772.39,10503.769
605507.SH,20250225,19.51,19.6,19.38,19.39,19.59,-1.0209,21186.0,41267.51
605555.SH,20250225,28.55,29.75,28.38,29.0,29.17,-0.5828,112122.28,326402.19
605566.SH,20250225,18.73,19.05,18.28,18.3,18.7,-2.139,17023.0,31647.734
605567.SH,20250225,8.72,8.78,8.63,8.68,8.74,-0.6865,27504.0,23922.183
605577.SH,20250225,13.5,13.51,13.2,13.25,13.6,-2.5735,47399.0,63126.57
605580.SH,20250225,10.63,10.89,10.55,10.77,10.64,1.2218,46071.0,49496.45
605588.SH,20250225,43.6,47.31,43.33,45.99,44.24,3.9557,47741.0,219151.914
605589.SH,20250225,29.88,30.65,29.55,29.87,30.09,-0.7311,179212.6,537513.935
605598.SH,20250225,22.8,23.03,22.15,22.33,23.23,-3.8743,50669.8,113904.102
605599.SH,20250225,11.23,11.45,11.17,11.28,11.3,-0.177,60763.0,68902.746
688001.SH,20250225,30.01,30.98,30.01,30.28,30.61,-1.0781,46132.65,140751.453
688002.SH,20250225,55.88,57.69,55.38,56.19,56.52,-0.5839,90595.61,511750.62
688003.SH,20250225,53.33,58.98,52.5,56.49,55.0,2.7091,127405.71,706659.439
688004.SH,20250225,18.66,18.79,17.89,18.39,18.49,-0.5408,36679.26,67282.216
688005.SH,20250225,37.5,38.9,37.3,38.2,38.0,0.5263,117336.52,449595.992
688006.SH,20250225,19.67,20.09,19.52,19.8,19.89,-0.4525,64714.47,128217.384
688007.SH,20250225,17.79,18.57,17.67,18.22,18.14,0.441,134612.75,245562.632
688008.SH,20250225,77.3,83.0,76.86,79.84,77.67,2.7939,771197.55,6173145.324
688009.SH,20250225,5.81,5.84,5.74,5.76,5.83,-1.2007,315712.16,182847.542
688010.SH,20250225,36.9,41.8,36.9,39.25,37.3,5.2279,60744.16,238107.421
688011.SH,20250225,17.32,17.56,17.07,17.28,17.34,-0.346,6192.25,10685.13
688012.SH,20250225,214.99,220.99,211.0,213.5,218.1,-2.1091,114600.74,2465388.518
688013.SH,20250225,19.5,19.57,19.15,19.41,19.55,-0.7161,5052.07,9787.742
688015.SH,20250225,20.28,20.73,20.03,20.58,20.3,1.3793,22162.78,45445.85
688016.SH,20250225,105.31,106.5,95.02,96.05,106.07,-9.4466,96238.16,954440.307
688017.SH,20250225,166.92,179.1,166.11,171.25,172.85,-0.9257,87417.67,1518960.563
688018.SH,20250225,223.0,238.98,222.0,231.33,229.45,0.8194,51144.39,1179821.332
688019.SH,20250225,162.4,172.87,161.47,166.19,164.67,0.9231,29207.56,488110.231
688020.SH,20250225,35.55,36.86,35.55,36.43,36.23,0.552,9906.98,36012.087
688021.SH,20250225,11.05,11.3,11.05,11.13,11.17,-0.3581,9431.75,10545.204
688022.SH,20250225,14.01,14.78,13.93,14.38,14.4,-0.1389,78228.86,113274.718
688023.SH,20250225,64.54,67.4,64.01,65.8,66.28,-0.7242,52005.15,343285.413
688025.SH,20250225,52.51,53.36,52.16,52.72,53.04,-0.6033,21255.05,112350.152
688026.SH,20250225,14.1,14.1,13.91,13.99,14.15,-1.1307,15386.94,21565.346
688027.SH,20250225,293.98,307.99,291.0,300.23,297.11,1.0501,30956.07,935459.977
688028.SH,20250225,24.05,26.5,23.99,25.97,24.54,5.8272,119800.44,304625.15
688029.SH,20250225,69.82,71.26,69.59,69.69,70.15,-0.6557,21918.83,154300.419
688030.SH,20250225,18.16,18.64,18.1,18.44,18.5,-0.3243,18587.97,34239.008
688031.SH,20250225,66.5,72.35,66.03,71.58,69.5,2.9928,84085.23,579435.974
688032.SH,20250225,106.22,108.8,105.52,108.1,107.02,1.0092,15944.56,171766.147
688033.SH,20250225,6.09,6.35,6.05,6.2,6.17,0.4862,127618.87,79339.466
688035.SH,20250225,42.5,43.3,42.12,42.62,43.54,-2.113,48072.51,205135.415
688036.SH,20250225,97.8,99.57,96.21,97.97,99.39,-1.4287,70212.08,686352.901
688037.SH,20250225,95.0,99.88,93.21,94.2,96.05,-1.9261,98522.33,945823.978
688038.SH,20250225,16.39,17.15,16.16,16.63,16.84,-1.247,52358.13,87069.855
688039.SH,20250225,37.7,40.85,37.36,38.73,38.2,1.3874,99445.81,391001.207
688041.SH,20250225,151.0,161.29,149.21,155.9,154.06,1.1943,394849.6,6095226.351
688045.SH,20250225,35.9,36.31,35.3,36.03,36.17,-0.3871,10656.62,38375.47
688046.SH,20250225,15.98,15.99,15.53,15.6,16.12,-3.2258,37237.67,58610.998
688047.SH,20250225,137.0,145.0,136.1,139.97,138.88,0.7849,81105.84,1139072.658
688048.SH,20250225,59.9,62.0,59.62,61.25,62.36,-1.78,62362.32,380377.818
688049.SH,20250225,47.14,51.68,47.11,50.36,47.98,4.9604,128183.83,640028.196
688050.SH,20250225,95.95,96.78,92.06,92.49,96.43,-4.0859,28877.56,272624.515
688051.SH,20250225,24.9,25.77,24.6,25.43,25.25,0.7129,13795.98,35059.278
688052.SH,20250225,164.9,168.99,163.01,165.46,169.58,-2.4295,28762.72,476498.73
688053.SH,20250225,28.49,28.9,28.08,28.45,28.58,-0.4549,14133.86,40250.558
688055.SH,20250225,4.01,4.1,3.98,4.05,4.02,0.7463,76409.33,30938.844
688056.SH,20250225,32.17,33.69,32.0,32.88,32.81,0.2133,7690.3,25457.203
688057.SH,20250225,11.26,11.35,11.2,11.3,11.28,0.1773,10653.02,12042.526
688058.SH,20250225,34.21,35.68,34.1,35.11,35.19,-0.2273,26425.61,92873.733
688059.SH,20250225,58.0,60.84,57.43,59.67,58.58,1.8607,27464.06,162517.792
688060.SH,20250225,39.02,40.28,38.62,39.82,39.59,0.581,4228.57,16766.121
688061.SH,20250225,34.27,35.3,33.9,34.76,35.0,-0.6857,42532.75,146776.502
688062.SH,20250225,18.9,19.57,18.65,19.03,19.0,0.1579,81761.52,156224.897
688063.SH,20250225,43.86,44.48,43.6,43.82,44.5,-1.5281,52757.54,232506.906
688065.SH,20250225,46.66,48.37,46.54,47.88,47.41,0.9914,42871.96,204213.83
688066.SH,20250225,20.9,21.52,20.83,21.07,21.25,-0.8471,105602.51,223830.958
688067.SH,20250225,19.38,19.5,19.08,19.36,19.56,-1.0225,7383.18,14259.88
688068.SH,20250225,59.11,61.0,59.07,59.53,60.07,-0.899,10960.49,65593.79
688069.SH,20250225,14.71,15.17,14.71,15.03,14.86,1.144,6602.31,9899.554
688070.SH,20250225,42.9,45.7,41.8,44.31,42.9,3.2867,20766.45,91127.038
688071.SH,20250225,44.16,50.84,43.65,47.0,45.0,4.4444,73058.14,343764.727
688072.SH,20250225,183.24,199.2,182.09,187.46,177.22,5.7781,110932.85,2101944.517
688073.SH,20250225,55.85,56.79,53.81,54.39,56.79,-4.2261,18456.13,100816.132
688075.SH,20250225,37.68,37.73,37.02,37.26,37.68,-1.1146,4016.57,14994.913
688076.SH,20250225,49.75,49.94,49.14,49.19,50.15,-1.9143,35643.27,176327.31
688077.SH,20250225,24.61,25.7,24.61,25.21,25.57,-1.4079,48352.25,121771.202
688078.SH,20250225,36.9,37.88,36.88,37.22,37.92,-1.846,21668.55,81066.265
688079.SH,20250225,10.18,10.51,10.16,10.39,10.44,-0.4789,88902.8,92164.808
688080.SH,20250225,46.86,48.5,46.4,47.61,47.96,-0.7298,35198.62,167775.493
688081.SH,20250225,18.35,19.88,18.35,19.66,18.67,5.3026,50975.24,98771.3
688082.SH,20250225,106.86,111.6,106.5,109.4,109.5,-0.0913,38211.94,416400.433
688083.SH,20250225,92.19,94.99,91.8,92.6,93.8,-1.2793,20244.43,188969.388
688084.SH,20250225,66.1,69.01,65.0,65.98,67.5,-2.2519,15083.12,100885.19
688085.SH,20250225,18.04,18.55,17.89,18.19,18.21,-0.1098,15996.93,29239.05
688087.SH,20250225,30.79,30.79,29.92,30.09,30.9,-2.6214,17506.81,52911.239
688088.SH,20250225,51.15,57.68,51.1,55.77,53.01,5.2066,187368.21,1028938.69
688089.SH,20250225,23.1,23.19,22.66,22.79,23.36,-2.4401,37194.29,85196.139
688090.SH,20250225,49.5,52.5,48.58,50.57,50.0,1.14,52127.88,262927.955
688091.SH,20250225,39.0,39.86,38.52,38.95,39.49,-1.3674,31415.62,123142.295
688092.SH,20250225,23.0,23.32,22.81,23.15,23.19,-0.1725,20968.69,48492.346
688093.SH,20250225,21.58,22.07,21.57,21.74,21.98,-1.0919,19339.13,42172.639
688095.SH,20250225,75.0,78.45,74.37,76.26,76.07,0.2498,31915.48,243828.908
688096.SH,20250225,9.7,9.94,9.55,9.84,9.66,1.8634,25801.01,25242.985
688097.SH,20250225,29.49,33.48,29.35,32.55,29.82,9.1549,200549.33,635406.194
688098.SH,20250225,5.73,5.77,5.67,5.68,5.75,-1.2174,18521.26,10589.638
688099.SH,20250225,80.56,86.89,80.11,84.83,82.32,3.0491,158952.51,1335319.126
688100.SH,20250225,37.28,37.87,36.64,37.3,37.7,-1.061,26663.93,99073.941
688101.SH,20250225,13.26,13.48,13.26,13.44,13.35,0.6742,12222.38,16360.427
688102.SH,20250225,9.78,10.01,9.75,9.89,9.93,-0.4028,60321.95,59702.47
688103.SH,20250225,49.5,50.77,49.01,49.61,50.05,-0.8791,24128.91,120358.947
688105.SH,20250225,22.05,22.33,21.89,22.14,22.28,-0.6284,13655.67,30278.124
688106.SH,20250225,18.15,18.58,18.08,18.26,18.3,-0.2186,47483.99,87004.3
688107.SH,20250225,30.6,32.12,30.58,31.6,31.28,1.023,50202.57,157732.962
688108.SH,20250225,10.45,10.58,10.36,10.41,10.58,-1.6068,71967.85,75016.795
688109.SH,20250225,29.8,30.55,29.22,29.8,29.6,0.6757,25980.98,77605.657
688110.SH,20250225,30.49,31.84,30.31,30.96,30.97,-0.0323,223915.59,693959.11
688111.SH,20250225,364.79,373.33,361.02,366.5,373.72,-1.9319,55072.56,2021713.136
688112.SH,20250225,30.41,31.8,30.3,31.38,30.79,1.9162,18725.88,58382.673
688113.SH,20250225,30.89,31.2,30.6,31.05,31.05,0.0,4339.0,13460.12
688114.SH,20250225,69.8,80.0,69.78,77.48,72.89,6.2972,77832.11,586401.602
688115.SH,20250225,38.25,38.63,37.7,38.07,38.32,-0.6524,5941.47,22694.776
688116.SH,20250225,47.7,49.88,47.39,48.29,47.82,0.9829,215441.0,1046033.219
688117.SH,20250225,25.1,25.2,24.56,24.78,25.09,-1.2356,13658.18,33973.34
688118.SH,20250225,25.63,26.94,25.4,26.24,26.0,0.9231,48741.26,127863.212
688119.SH,20250225,3.85,3.88,3.82,3.82,3.87,-1.292,33878.79,13047.701
688120.SH,20250225,176.0,183.0,174.0,176.26,179.23,-1.6571,53462.21,949310.363
688121.SH,20250225,11.63,12.12,11.53,11.94,11.73,1.7903,47140.95,56437.454
688122.SH,20250225,44.79,45.28,44.38,44.58,45.06,-1.0652,88526.55,396186.9
688123.SH,20250225,74.3,80.52,73.72,78.3,75.56,3.6263,85681.45,662712.969
688125.SH,20250225,45.57,51.2,44.31,50.5,45.59,10.7699,21225.76,104250.785
688127.SH,20250225,29.04,30.7,27.88,29.6,30.56,-3.1414,158852.77,464055.156
688128.SH,20250225,22.48,22.86,22.35,22.7,22.74,-0.1759,33815.64,76527.489
688129.SH,20250225,17.33,18.89,17.33,18.5,17.59,5.1734,41370.88,75561.83
688130.SH,20250225,26.82,27.6,26.82,27.33,27.21,0.441,21333.47,58191.899
688131.SH,20250225,43.31,44.2,42.31,43.32,44.7,-3.0872,42425.75,183732.375
688132.SH,20250225,19.24,19.92,19.09,19.47,19.59,-0.6126,28419.21,55363.531
688133.SH,20250225,22.11,22.86,21.92,22.29,22.47,-0.8011,34324.78,76864.629
688135.SH,20250225,21.32,23.33,21.23,22.37,21.76,2.8033,148528.01,331649.875
688136.SH,20250225,20.4,21.0,20.0,20.35,20.52,-0.8285,25397.7,52155.423
688137.SH,20250225,34.4,34.89,33.98,34.0,34.79,-2.2708,8007.0,27450.474
688138.SH,20250225,29.39,30.39,28.9,29.8,30.19,-1.2918,80822.92,239237.94
688139.SH,20250225,33.03,33.06,32.46,32.56,33.25,-2.0752,48160.46,157390.082
688141.SH,20250225,35.58,36.72,35.47,35.67,37.34,-4.4724,166716.94,599765.543
688143.SH,20250225,33.88,37.18,33.58,35.3,35.61,-0.8705,59147.7,206012.504
688146.SH,20250225,29.88,30.28,29.6,29.77,30.14,-1.2276,30286.38,90659.805
688147.SH,20250225,29.97,32.28,29.97,31.44,29.46,6.721,147012.91,459643.072
688148.SH,20250225,5.18,5.37,5.15,5.33,5.22,2.1073,102930.39,54376.638
688150.SH,20250225,21.62,22.19,21.47,21.96,21.95,0.0456,44917.49,98179.011
688151.SH,20250225,18.13,18.13,17.62,17.67,17.89,-1.2297,39212.29,70240.095
688152.SH,20250225,67.88,72.5,67.0,69.73,69.14,0.8533,49797.79,348315.64
688153.SH,20250225,39.54,42.0,39.31,41.35,40.28,2.6564,64655.6,264517.83
688155.SH,20250225,44.11,44.88,43.95,44.0,44.98,-2.1787,36818.63,163349.281
688156.SH,20250225,14.02,14.06,13.64,13.75,14.16,-2.8955,18237.92,25261.79
688157.SH,20250225,42.97,44.63,42.77,43.28,43.77,-1.1195,14009.92,61220.896
688158.SH,20250225,31.97,34.5,31.8,33.65,32.62,3.1576,631784.94,2127207.811
688159.SH,20250225,42.92,48.2,42.92,47.0,44.8,4.9107,100912.69,465775.69
688160.SH,20250225,90.0,98.8,90.0,94.5,92.88,1.7442,32419.67,303806.794
688161.SH,20250225,26.12,26.49,26.05,26.21,26.43,-0.8324,10348.43,27235.627
688162.SH,20250225,27.7,28.0,26.88,27.31,28.05,-2.6381,30016.06,82132.592
688163.SH,20250225,18.21,18.3,17.99,18.05,18.29,-1.3122,7185.19,13036.16
688165.SH,20250225,37.8,39.42,35.81,37.02,38.28,-3.2915,643936.43,2412562.212
688166.SH,20250225,32.82,35.66,32.6,34.62,33.15,4.4344,193481.4,664952.995
688167.SH,20250225,72.01,77.79,72.01,76.13,73.58,3.4656,48778.58,368091.751
688168.SH,20250225,58.55,62.99,58.08,61.65,60.3,2.2388,37793.91,232114.454
688169.SH,20250225,260.5,265.6,259.73,260.1,265.59,-2.0671,33145.93,867429.79
688170.SH,20250225,23.68,24.3,23.68,24.16,23.92,1.0033,12635.14,30284.312
688171.SH,20250225,18.9,21.49,18.67,21.2,19.01,11.5203,57143.01,117384.257
688172.SH,20250225,23.16,23.96,23.02,23.27,23.76,-2.0623,83979.51,197318.696
688173.SH,20250225,12.16,12.65,12.15,12.47,12.4,0.5645,78411.46,97522.483
688175.SH,20250225,18.36,18.66,18.08,18.52,18.51,0.054,16454.52,30278.066
688176.SH,20250225,7.89,8.01,7.85,7.88,7.94,-0.7557,68726.02,54495.892
688177.SH,20250225,20.38,20.87,20.29,20.65,20.49,0.7809,19991.39,41299.584
688178.SH,20250225,15.46,15.59,15.31,15.36,15.65,-1.853,5761.52,8896.394
688179.SH,20250225,15.33,15.45,15.1,15.15,15.54,-2.5097,45628.18,69573.522
688180.SH,20250225,28.31,28.97,28.28,28.62,28.81,-0.6595,67152.59,192364.411
688181.SH,20250225,33.74,34.98,33.2,33.9,34.14,-0.703,55446.79,188267.876
688182.SH,20250225,20.0,24.32,19.88,24.32,20.27,19.9803,231684.1,531983.717
688183.SH,20250225,33.77,34.24,33.06,33.69,33.84,-0.4433,132913.71,446675.801
688184.SH,20250225,14.24,14.51,14.1,14.34,14.27,0.4905,9944.27,14255.838
688185.SH,20250225,62.66,66.99,62.1,65.35,62.66,4.293,34722.98,226125.496
688186.SH,20250225,18.4,20.35,18.32,19.55,18.52,5.5616,80368.02,156469.31
688187.SH,20250225,44.29,44.54,43.82,43.94,44.71,-1.7222,55490.14,244993.785
688188.SH,20250225,210.33,218.38,208.3,212.18,214.0,-0.8505,18342.11,391067.181
688189.SH,20250225,6.81,6.85,6.67,6.69,6.86,-2.4781,45579.39,30804.132
688190.SH,20250225,83.0,85.58,82.43,84.25,84.09,0.1903,6035.14,50806.8
688191.SH,20250225,22.67,23.26,22.21,23.05,22.78,1.1853,39836.01,91150.062
688192.SH,20250225,46.5,47.74,46.34,46.65,46.67,-0.0429,24767.29,116245.393
688193.SH,20250225,39.74,39.74,38.33,38.71,39.74,-2.5918,6247.84,24283.177
688195.SH,20250225,46.88,49.29,45.8,49.12,47.69,2.9985,86646.01,412615.431
688196.SH,20250225,38.7,41.84,38.5,40.66,38.4,5.8854,26956.21,109407.283
688197.SH,20250225,33.6,34.99,33.54,34.54,34.07,1.3795,8729.51,29974.098
688198.SH,20250225,105.16,106.98,104.72,105.05,105.43,-0.3604,2960.98,31268.284
688199.SH,20250225,16.07,16.38,15.9,16.19,16.12,0.4342,20437.74,33046.816
688200.SH,20250225,135.03,143.28,135.03,141.0,137.4,2.6201,30149.53,421990.253
688201.SH,20250225,9.87,10.24,9.81,10.05,10.01,0.3996,83785.05,84328.348
688202.SH,20250225,36.07,37.37,36.03,36.35,36.95,-1.6238,36845.32,134885.999
688203.SH,20250225,10.05,10.17,9.99,10.07,10.14,-0.6903,14206.3,14365.633
688205.SH,20250225,92.15,93.65,89.15,91.22,94.8,-3.7764,51844.03,472280.12
688206.SH,20250225,20.4,21.3,20.27,20.9,20.65,1.2107,57295.7,119253.674
688207.SH,20250225,17.6,19.06,17.58,18.31,18.14,0.9372,191448.55,351135.593
688208.SH,20250225,42.05,43.19,41.4,42.5,43.03,-1.2317,154788.82,654035.537
688209.SH,20250225,19.79,20.25,19.55,19.77,20.06,-1.4457,83654.04,165906.993
688210.SH,20250225,22.39,23.46,22.13,22.72,22.65,0.3091,79599.49,181406.282
688211.SH,20250225,31.38,32.09,31.21,31.83,31.59,0.7597,7751.58,24681.809
688212.SH,20250225,40.96,41.2,40.5,40.84,41.3,-1.1138,13311.76,54378.556
688213.SH,20250225,94.25,99.29,93.89,97.3,96.0,1.3542,80009.13,776314.375
688215.SH,20250225,26.9,27.75,26.62,27.58,26.97,2.2618,9253.09,25169.758
688216.SH,20250225,22.19,23.19,22.06,22.91,22.46,2.0036,23777.82,54109.506
688217.SH,20250225,22.22,22.7,22.03,22.23,22.65,-1.8543,9421.57,21056.123
688218.SH,20250225,26.1,27.53,25.83,26.29,26.6,-1.1654,127689.0,340420.452
688219.SH,20250225,13.21,15.25,13.18,14.73,13.58,8.4683,318372.26,458071.511
688220.SH,20250225,82.5,105.49,81.67,98.4,87.99,11.8309,296270.39,2748781.407
688221.SH,20250225,10.19,10.25,10.05,10.08,10.23,-1.4663,19599.59,19831.855
688222.SH,20250225,17.32,17.8,17.09,17.39,17.73,-1.9177,161261.45,281371.056
688223.SH,20250225,6.35,6.61,6.28,6.53,6.4,2.0313,1066510.61,690964.452
688225.SH,20250225,25.42,26.32,25.08,25.68,26.43,-2.8377,66620.57,171093.715
688226.SH,20250225,35.0,38.62,35.0,36.51,37.71,-3.1822,44222.8,164136.526
688227.SH,20250225,39.88,44.44,39.61,42.87,42.05,1.9501,60148.43,256814.492
688228.SH,20250225,62.31,67.6,62.31,65.69,67.73,-3.012,60402.66,392167.646
688229.SH,20250225,60.16,63.57,59.58,61.66,62.3,-1.0273,19689.65,122374.708
688230.SH,20250225,49.48,50.76,49.1,50.1,50.0,0.2,20912.27,104679.718
688231.SH,20250225,14.66,15.09,14.64,15.0,14.85,1.0101,29299.24,43757.871
688232.SH,20250225,38.9,42.4,38.12,40.58,40.0,1.45,106900.42,428726.733
688233.SH,20250225,24.43,25.23,24.4,24.9,24.87,0.1206,43797.32,108914.508
688234.SH,20250225,59.99,65.55,59.61,63.7,60.75,4.856,183743.63,1160111.232
688235.SH,20250225,218.0,225.95,216.68,220.88,219.77,0.5051,30916.63,685326.114
688236.SH,20250225,13.32,13.64,13.19,13.54,13.42,0.8942,20745.13,27995.402
688237.SH,20250225,25.52,26.94,25.32,26.48,25.88,2.3184,16483.18,43470.884
688238.SH,20250225,5.5,5.64,5.5,5.57,5.61,-0.713,67820.78,37787.97
688239.SH,20250225,41.69,42.3,41.21,41.33,41.99,-1.5718,24738.48,103150.828
688244.SH,20250225,52.0,54.23,50.36,52.65,52.33,0.6115,30053.7,158794.961
688246.SH,20250225,37.02,40.78,37.02,38.13,39.11,-2.5058,55768.9,217002.938
688247.SH,20250225,10.61,10.71,10.52,10.6,10.68,-0.7491,25007.76,26593.222
688248.SH,20250225,33.08,33.78,32.82,33.18,33.52,-1.0143,41048.47,136708.427
688249.SH,20250225,24.32,24.75,23.9,24.25,24.71,-1.8616,273489.92,665093.79
688251.SH,20250225,20.35,20.6,20.01,20.33,20.38,-0.2453,13156.22,26772.111
688252.SH,20250225,24.91,26.22,24.9,25.8,25.41,1.5348,110688.58,283888.4
688253.SH,20250225,32.06,32.32,31.18,31.36,32.5,-3.5077,33582.46,106402.384
688255.SH,20250225,44.0,46.44,43.57,44.88,45.96,-2.3499,65924.29,295414.814
688256.SH,20250225,780.0,818.87,751.5,790.38,780.36,1.284,109380.62,8579508.874
688257.SH,20250225,19.95,21.15,19.71,20.99,19.98,5.0551,68858.06,141823.983
688258.SH,20250225,44.0,45.29,43.15,44.6,44.48,0.2698,51726.29,228125.836
688259.SH,20250225,39.58,44.82,39.39,42.24,40.13,5.2579,75991.4,320237.185
688260.SH,20250225,17.94,18.47,17.52,18.06,18.26,-1.0953,78377.95,141307.787
688261.SH,20250225,44.1,45.23,43.26,44.6,44.35,0.5637,39714.28,176763.168
688262.SH,20250225,29.58,31.05,29.32,30.38,30.02,1.1992,199692.0,607144.111
688265.SH,20250225,27.61,28.0,27.43,27.68,28.03,-1.2487,3586.62,9923.979
688266.SH,20250225,75.63,77.37,74.15,75.37,76.26,-1.1671,24372.18,183794.491
688267.SH,20250225,25.05,26.14,24.98,25.55,25.41,0.551,18725.01,47971.588
688268.SH,20250225,47.5,49.13,47.47,48.32,48.16,0.3322,22282.57,107600.105
688269.SH,20250225,26.8,27.21,26.36,26.85,26.64,0.7883,30181.39,80795.709
688270.SH,20250225,36.97,38.8,36.7,37.92,37.62,0.7974,58953.0,224465.679
688271.SH,20250225,138.0,144.39,137.91,140.4,139.55,0.6091,61529.37,871893.022
688272.SH,20250225,34.09,35.9,33.42,35.45,34.75,2.0144,28951.48,101310.009
688273.SH,20250225,24.35,25.09,24.35,24.71,24.66,0.2028,8536.76,21137.097
688275.SH,20250225,47.25,47.59,46.65,46.73,47.5,-1.6211,11909.6,56089.425
688276.SH,20250225,23.87,23.92,23.47,23.55,23.92,-1.5468,20055.94,47393.584
688277.SH,20250225,13.84,14.88,13.83,14.57,13.97,4.2949,187943.21,270683.156
688278.SH,20250225,84.77,86.3,84.21,84.7,85.29,-0.6918,18299.97,155211.785
688279.SH,20250225,273.0,281.3,266.0,277.5,281.0,-1.2456,20043.27,552198.302
688280.SH,20250225,5.29,5.57,5.22,5.49,5.52,-0.5435,324920.41,175078.476
688281.SH,20250225,87.09,89.88,86.75,88.54,86.16,2.7623,26247.86,231840.05
688282.SH,20250225,31.77,31.89,31.35,31.36,32.0,-2.0,7202.3,22749.214
688283.SH,20250225,27.02,27.7,26.26,27.19,27.02,0.6292,2557.45,6968.577
688285.SH,20250225,7.75,7.82,7.63,7.7,7.81,-1.4085,21385.22,16533.444
688286.SH,20250225,85.65,88.0,84.51,87.0,89.0,-2.2472,29142.12,251613.099
688287.SH,20250225,5.99,6.08,5.93,5.98,6.03,-0.8292,26962.9,16154.843
688288.SH,20250225,21.53,23.7,21.35,22.77,21.82,4.3538,39829.79,89509.338
688289.SH,20250225,22.2,22.32,21.92,21.97,22.42,-2.0071,70012.52,154615.158
688290.SH,20250225,59.01,69.87,59.01,65.6,63.05,4.0444,47766.13,314260.341
688291.SH,20250225,23.48,25.09,23.0,24.26,24.61,-1.4222,39150.54,94338.326
688292.SH,20250225,24.76,25.64,24.56,25.3,25.26,0.1584,49370.95,124176.599
688293.SH,20250225,41.28,41.49,40.4,40.95,41.46,-1.2301,3938.58,16143.858
688295.SH,20250225,21.57,22.2,21.25,21.64,21.98,-1.5469,68349.16,148332.253
688296.SH,20250225,13.58,13.85,13.36,13.62,13.76,-1.0174,24844.19,33836.663
688297.SH,20250225,40.16,41.55,39.85,40.81,40.62,0.4677,86222.21,352086.632
688298.SH,20250225,28.91,29.31,28.61,28.95,29.16,-0.7202,21590.35,62459.433
688299.SH,20250225,16.38,17.7,16.36,17.32,16.73,3.5266,168004.68,289307.814
688300.SH,20250225,65.0,65.47,63.42,64.12,66.34,-3.3464,43315.01,278809.321
688301.SH,20250225,111.49,114.45,109.22,112.85,112.56,0.2576,13917.16,156541.63
688302.SH,20250225,33.73,34.19,33.56,33.75,34.21,-1.3446,10027.94,33892.145
688303.SH,20250225,20.83,21.69,20.75,21.37,21.09,1.3276,114499.31,244046.656
688305.SH,20250225,73.98,81.8,73.53,78.09,74.63,4.6362,49306.47,387437.414
688306.SH,20250225,11.46,12.06,11.4,11.56,11.89,-2.7754,528138.65,617090.24
688307.SH,20250225,31.4,33.5,31.14,32.0,32.24,-0.7444,53563.94,172675.348
688308.SH,20250225,19.35,21.0,19.09,20.42,19.44,5.0412,73495.35,149152.733
688309.SH,20250225,14.47,14.6,14.17,14.37,14.47,-0.6911,4458.6,6413.314
688310.SH,20250225,11.75,12.08,11.75,11.9,11.96,-0.5017,15188.63,18057.536
688311.SH,20250225,36.3,37.37,35.81,36.53,36.75,-0.5986,37338.03,136787.609
688312.SH,20250225,29.37,30.49,28.91,30.02,29.5,1.7627,29189.35,87180.175
688313.SH,20250225,19.66,20.42,19.31,19.9,20.42,-2.5465,266921.93,528639.449
688314.SH,20250225,28.96,28.96,28.21,28.32,28.72,-1.3928,4774.59,13573.423
688315.SH,20250225,18.36,18.94,18.11,18.51,18.56,-0.2694,107440.76,199450.571
688316.SH,20250225,80.2,86.7,80.02,84.5,83.15,1.6236,52970.1,446870.887
688317.SH,20250225,16.96,17.16,16.92,17.07,17.15,-0.4665,10340.66,17634.942
688318.SH,20250225,167.0,169.18,163.33,163.88,169.4,-3.2586,39714.02,659616.421
688319.SH,20250225,12.25,12.49,12.07,12.19,12.42,-1.8519,17147.58,21032.468
688320.SH,20250225,53.99,57.75,53.6,54.91,56.45,-2.7281,116682.86,647622.644
688321.SH,20250225,18.24,18.43,18.13,18.21,18.45,-1.3008,35163.97,64388.406
688322.SH,20250225,68.94,73.75,68.54,69.83,71.58,-2.4448,149977.85,1068457.922
688323.SH,20250225,17.48,18.41,17.05,17.19,17.88,-3.8591,80376.21,142152.608
688325.SH,20250225,51.81,52.96,51.5,52.11,52.66,-1.0444,13828.87,72288.414
688326.SH,20250225,102.33,105.79,101.33,105.03,104.0,0.9904,20065.19,208079.446
688327.SH,20250225,18.51,20.59,18.51,19.02,19.45,-2.2108,1819720.91,3560950.713
688328.SH,20250225,16.9,17.54,16.88,17.24,17.24,0.0,33941.51,58446.879
688329.SH,20250225,16.16,16.58,16.14,16.41,16.39,0.122,11780.15,19321.845
688330.SH,20250225,27.69,28.09,27.2,27.85,27.75,0.3604,11312.35,31435.061
688331.SH,20250225,29.89,31.02,29.62,30.44,30.4,0.1316,49293.82,150334.065
688332.SH,20250225,122.0,129.62,119.0,125.22,119.96,4.3848,72431.81,905703.218
688333.SH,20250225,62.0,71.66,61.2,68.88,64.0,7.625,128741.44,857475.174
688334.SH,20250225,17.09,17.27,16.84,17.01,16.77,1.4311,58144.03,99316.139
688335.SH,20250225,9.12,9.16,9.04,9.07,9.16,-0.9825,8184.39,7448.403
688336.SH,20250225,24.38,24.98,24.2,24.59,24.55,0.1629,35224.27,86989.664
688337.SH,20250225,38.75,40.13,38.28,39.26,39.5,-0.6076,33330.81,131634.258
688338.SH,20250225,25.27,25.43,25.06,25.13,25.54,-1.6053,11183.75,28238.555
688339.SH,20250225,23.7,24.2,23.58,23.92,23.94,-0.0835,37714.45,89963.724
688343.SH,20250225,64.4,82.26,64.11,82.26,68.55,20.0,526258.43,3965480.995
688345.SH,20250225,19.75,20.19,19.66,19.79,19.97,-0.9014,9064.66,18049.904
688347.SH,20250225,57.86,59.22,56.28,56.51,59.86,-5.5964,353229.49,2035768.285
688348.SH,20250225,49.04,50.12,48.66,49.46,49.53,-0.1413,23989.65,118735.293
688349.SH,20250225,26.55,27.34,26.2,26.78,26.58,0.7524,33406.91,89604.265
688350.SH,20250225,14.64,14.9,14.36,14.41,14.76,-2.3713,14537.97,21159.029
688351.SH,20250225,19.93,20.25,18.89,18.95,19.43,-2.4704,96986.02,188215.91
688352.SH,20250225,12.18,12.52,12.11,12.32,12.36,-0.3236,138618.45,171508.047
688353.SH,20250225,24.75,25.48,24.51,24.93,24.75,0.7273,12751.34,31876.598
688355.SH,20250225,19.29,19.75,19.18,19.49,19.49,0.0,21269.93,41532.004
688356.SH,20250225,64.0,66.92,63.0,63.0,66.41,-5.1348,21698.11,140582.862
688357.SH,20250225,23.39,23.68,23.29,23.55,23.58,-0.1272,5827.88,13694.305
688358.SH,20250225,35.52,37.38,34.7,35.85,36.28,-1.1852,40430.61,145830.323
688359.SH,20250225,48.03,48.88,47.5,47.75,48.81,-2.1717,13049.19,62947.057
688360.SH,20250225,25.11,26.31,24.98,25.51,25.67,-0.6233,47966.11,122593.559
688361.SH,20250225,103.77,109.93,103.28,105.33,105.94,-0.5758,46315.99,492603.205
688362.SH,20250225,34.58,36.28,34.23,34.75,35.56,-2.2778,187513.55,658392.883
688363.SH,20250225,49.17,49.79,48.8,49.1,49.58,-0.9681,26316.7,129731.505
688365.SH,20250225,15.7,16.58,15.7,16.36,16.28,0.4914,220873.44,358262.552
688366.SH,20250225,58.27,58.89,58.06,58.2,58.77,-0.9699,5735.21,33513.722
688367.SH,20250225,17.28,17.28,16.87,16.97,17.31,-1.9642,14798.47,25226.69
688368.SH,20250225,93.01,96.5,92.52,94.22,94.18,0.0425,12803.9,121303.872
688369.SH,20250225,28.1,29.48,27.95,28.69,28.68,0.0349,57921.96,166676.397
688370.SH,20250225,19.33,19.44,19.15,19.27,19.47,-1.0272,5912.28,11398.374
688371.SH,20250225,16.13,16.6,16.13,16.44,16.33,0.6736,29074.11,47808.089
688372.SH,20250225,82.6,88.31,82.58,87.39,84.99,2.8239,53210.51,457297.049
688373.SH,20250225,6.21,6.25,5.82,5.9,6.3,-6.3492,238912.83,143344.878
688375.SH,20250225,50.0,53.67,49.16,53.16,50.15,6.002,45426.69,237567.51
688376.SH,20250225,39.77,40.34,38.83,39.27,39.92,-1.6283,14667.73,57870.78
688377.SH,20250225,19.18,19.54,19.03,19.43,19.56,-0.6646,14022.1,27077.217
688378.SH,20250225,23.5,23.72,23.06,23.25,23.72,-1.9815,54503.02,127329.998
688379.SH,20250225,29.51,31.99,29.01,29.41,28.37,3.6658,112939.2,342045.794
688380.SH,20250225,30.7,31.85,30.4,31.15,31.19,-0.1282,128387.16,399532.387
688381.SH,20250225,25.27,26.79,25.06,26.64,26.02,2.3828,157488.47,409672.535
688382.SH,20250225,14.62,15.57,14.51,15.19,14.86,2.2207,142148.39,217372.288
688383.SH,20250225,48.16,49.38,47.55,48.69,48.45,0.4954,9343.52,45398.699
688385.SH,20250225,42.17,44.1,42.14,43.13,44.01,-1.9995,134105.56,578934.929
688386.SH,20250225,36.36,37.25,35.79,37.13,36.5,1.726,12721.08,46631.446
688387.SH,20250225,6.12,6.21,6.08,6.15,6.16,-0.1623,197450.34,121607.561
688388.SH,20250225,18.8,19.35,18.51,19.0,19.05,-0.2625,150343.04,283812.957
688389.SH,20250225,15.47,16.33,15.41,16.08,15.6,3.0769,271286.57,432093.581
688390.SH,20250225,40.67,41.87,40.64,40.9,41.27,-0.8965,67399.24,278268.715
688391.SH,20250225,31.7,32.43,31.5,32.0,32.01,-0.0312,14366.57,46043.958
688392.SH,20250225,50.17,52.5,49.15,50.5,49.74,1.5279,33360.19,169937.272
688393.SH,20250225,33.11,38.99,33.02,36.97,34.71,6.5111,123625.05,451217.014
688395.SH,20250225,19.34,20.05,19.14,19.86,19.5,1.8462,12174.92,24044.574
688396.SH,20250225,48.85,51.2,48.58,49.77,49.6,0.3427,155179.73,772882.329
688398.SH,20250225,16.05,16.45,15.81,16.1,16.11,-0.0621,25132.35,40630.244
688399.SH,20250225,66.26,67.77,65.71,67.1,66.5,0.9023,9953.22,66572.08
688400.SH,20250225,36.52,39.89,36.28,37.95,37.95,0.0,251575.26,954556.786
688401.SH,20250225,33.33,35.2,33.0,34.79,33.84,2.8073,121643.98,415133.712
688403.SH,20250225,9.01,9.23,8.93,9.15,9.08,0.7709,223041.18,203217.974
688408.SH,20250225,53.21,54.5,53.01,53.64,53.59,0.0933,55190.01,296788.606
688409.SH,20250225,55.1,58.58,54.68,56.62,56.05,1.0169,87356.15,493656.972
688410.SH,20250225,10.41,10.57,10.33,10.39,10.5,-1.0476,26585.35,27784.555
688411.SH,20250225,61.57,64.46,61.19,63.66,62.26,2.2486,40062.85,254182.503
688416.SH,20250225,49.86,53.32,49.55,50.69,52.8,-3.9962,68465.7,351243.763
688418.SH,20250225,33.3,34.17,32.7,33.29,33.42,-0.389,80862.76,269664.323
688419.SH,20250225,36.1,36.97,36.1,36.54,36.91,-1.0024,13352.17,48745.019
688420.SH,20250225,23.8,24.3,23.77,23.82,24.17,-1.4481,7590.28,18231.823
688425.SH,20250225,4.16,4.18,4.09,4.13,4.17,-0.9592,255006.72,105769.085
688426.SH,20250225,23.76,24.39,23.63,24.29,24.13,0.6631,9049.13,21773.975
688428.SH,20250225,14.79,15.63,14.76,15.34,15.01,2.1985,88672.24,134758.916
688429.SH,20250225,16.23,17.37,16.17,16.96,16.36,3.6675,47331.94,79657.549
688432.SH,20250225,11.45,11.75,11.37,11.55,11.54,0.0867,78428.67,90909.252
688433.SH,20250225,41.17,47.49,41.17,44.39,43.84,1.2546,72918.55,331750.63
688435.SH,20250225,41.5,43.61,41.33,42.25,42.8,-1.285,40078.69,170005.748
688439.SH,20250225,54.0,56.1,53.61,55.0,54.75,0.4566,36160.25,198504.371
688443.SH,20250225,24.76,24.98,24.23,24.47,24.77,-1.2111,31079.97,76472.18
688448.SH,20250225,32.0,33.77,31.68,32.95,32.23,2.2339,26264.5,86105.842
688449.SH,20250225,56.0,63.96,54.99,57.0,54.14,5.2826,196650.94,1158011.956
688450.SH,20250225,24.73,25.1,24.44,24.83,24.76,0.2827,7253.22,18006.505
688455.SH,20250225,11.87,12.01,11.83,11.88,11.94,-0.5025,13486.46,16103.699
688456.SH,20250225,35.58,35.9,35.3,35.44,36.05,-1.6921,21046.51,74906.796
688458.SH,20250225,36.99,38.85,36.6,38.2,37.52,1.8124,27288.01,103134.882
688459.SH,20250225,9.98,10.1,9.93,10.02,10.06,-0.3976,22682.27,22770.982
688466.SH,20250225,16.56,16.56,15.74,16.15,16.56,-2.4758,9503.58,15456.638
688468.SH,20250225,8.11,8.19,7.94,8.11,8.17,-0.7344,135531.64,109611.792
688469.SH,20250225,5.16,5.26,5.15,5.19,5.22,-0.5747,819758.15,427918.721
688472.SH,20250225,10.19,10.45,10.14,10.33,10.28,0.4864,385542.16,398798.073
688475.SH,20250225,39.38,40.39,38.82,39.8,40.0,-0.5,59999.45,238009.877
688478.SH,20250225,31.39,32.3,30.9,31.59,31.66,-0.2211,26118.15,82161.995
688479.SH,20250225,19.25,20.01,19.13,19.68,19.48,1.0267,17139.89,33523.929
688480.SH,20250225,29.04,29.93,28.7,29.2,28.99,0.7244,10069.34,29570.189
688484.SH,20250225,37.25,37.99,36.39,36.99,37.83,-2.2205,153417.73,567545.085
688485.SH,20250225,9.98,10.12,9.93,9.94,10.08,-1.3889,9023.2,9038.49
688486.SH,20250225,114.58,124.41,114.46,120.53,116.25,3.6817,22058.26,265862.954
688488.SH,20250225,8.0,8.11,7.9,7.96,8.11,-1.8496,60286.8,48194.52
688489.SH,20250225,40.32,41.74,39.8,40.33,41.2,-2.1117,18363.96,74628.463
688496.SH,20250225,9.51,9.66,9.3,9.49,9.57,-0.8359,71376.18,67781.145
688498.SH,20250225,145.52,154.06,143.23,148.4,147.6,0.542,50047.06,745329.166
688499.SH,20250225,26.86,28.67,26.71,27.82,27.42,1.4588,107767.28,303036.682
688500.SH,20250225,32.02,32.34,31.46,31.49,32.49,-3.0779,18245.48,57943.808
688501.SH,20250225,14.19,15.08,14.03,14.97,14.24,5.1264,53276.32,78767.165
688502.SH,20250225,241.0,279.3,238.13,276.76,243.59,13.6171,34069.22,899189.903
688503.SH,20250225,47.24,50.6,47.2,48.69,47.92,1.6068,83483.77,411458.524
688505.SH,20250225,8.21,8.21,8.04,8.09,8.2,-1.3415,34060.54,27612.076
688506.SH,20250225,208.98,218.98,207.29,211.53,210.04,0.7094,13449.67,287629.241
688507.SH,20250225,85.4,94.86,85.37,88.95,89.0,-0.0562,37289.32,337184.344
688508.SH,20250225,54.97,58.6,54.54,57.22,56.23,1.7606,95449.11,544728.433
688509.SH,20250225,4.26,4.38,4.24,4.32,4.31,0.232,91025.06,39258.606
688510.SH,20250225,17.79,18.01,17.6,17.68,17.92,-1.3393,30588.84,54481.031
688511.SH,20250225,15.32,15.35,15.07,15.33,15.38,-0.3251,17815.52,27126.501
688512.SH,20250225,10.98,11.5,10.88,11.31,11.17,1.2534,172745.77,195565.078
688513.SH,20250225,30.87,31.01,30.33,30.46,31.03,-1.8369,16852.47,51723.983
688515.SH,20250225,109.8,119.8,109.0,117.5,112.22,4.705,26202.93,300621.993
688516.SH,20250225,44.86,46.01,44.55,45.28,45.06,0.4882,85339.69,387869.587
688517.SH,20250225,14.01,14.08,13.86,13.93,14.03,-0.7128,14557.81,20326.775
688518.SH,20250225,17.0,17.48,16.85,17.3,17.18,0.6985,85110.53,147384.467
688519.SH,20250225,32.01,34.83,31.12,33.37,32.3,3.3127,68878.89,226968.464
688520.SH,20250225,39.06,40.48,38.92,39.5,39.28,0.5601,36931.11,147200.224
688521.SH,20250225,61.5,74.14,60.66,70.7,62.99,12.24,375881.94,2505460.434
688522.SH,20250225,61.17,67.8,61.0,66.5,62.24,6.8445,75921.26,494410.999
688523.SH,20250225,19.36,19.93,19.33,19.74,19.63,0.5604,22778.27,44910.927
688525.SH,20250225,68.68,72.58,68.0,68.83,70.6,-2.5071,334979.42,2336415.389
688526.SH,20250225,13.55,13.55,13.37,13.37,13.62,-1.8355,20662.22,27769.885
688528.SH,20250225,9.54,9.56,9.4,9.55,9.49,0.6322,11481.44,10876.803
688529.SH,20250225,18.32,18.91,18.32,18.69,18.87,-0.9539,35109.66,65649.507
688530.SH,20250225,19.6,20.13,19.45,19.9,19.78,0.6067,20786.29,41339.022
688531.SH,20250225,52.77,54.38,52.26,53.76,53.34,0.7874,24767.52,132681.652
688533.SH,20250225,38.7,39.31,37.84,38.7,39.48,-1.9757,42029.25,162008.995
688535.SH,20250225,96.8,100.8,96.03,99.0,98.43,0.5791,60402.36,595020.969
688536.SH,20250225,119.0,128.87,118.7,119.39,122.35,-2.4193,32960.56,402300.273
688538.SH,20250225,2.3,2.35,2.29,2.33,2.32,0.431,821145.62,190828.974
688539.SH,20250225,28.09,29.45,27.77,28.5,28.64,-0.4888,42413.97,121795.739
688543.SH,20250225,48.6,50.25,48.29,49.24,49.09,0.3056,30328.25,149948.486
688545.SH,20250225,29.3,31.46,29.0,30.8,29.5,4.4068,111210.64,341795.685
688548.SH,20250225,11.11,11.25,10.92,11.01,11.3,-2.5664,116599.19,129257.736
688549.SH,20250225,9.07,9.24,8.98,9.09,9.16,-0.7642,197173.49,179234.153
688550.SH,20250225,33.12,34.09,33.12,33.4,34.12,-2.1102,40622.67,136382.731
688551.SH,20250225,31.02,31.56,30.62,31.15,31.27,-0.3838,12610.1,39221.729
688552.SH,20250225,18.51,19.68,18.45,19.04,18.64,2.1459,45330.05,86766.16
688553.SH,20250225,15.41,15.64,15.28,15.55,15.55,0.0,29730.97,46016.734
688556.SH,20250225,10.2,10.62,10.16,10.55,10.33,2.1297,140299.15,146901.501
688557.SH,20250225,22.6,23.68,22.43,23.11,22.73,1.6718,30711.75,71259.33
688558.SH,20250225,23.7,27.71,23.7,26.6,24.13,10.2362,61464.12,160525.212
688559.SH,20250225,33.6,34.47,33.47,33.95,34.23,-0.818,52060.32,177459.757
688560.SH,20250225,14.72,16.18,14.71,15.57,14.71,5.8464,140632.88,220997.088
688561.SH,20250225,40.59,42.98,40.47,41.67,42.03,-0.8565,157523.66,662260.733
688562.SH,20250225,16.98,17.29,16.9,17.09,17.23,-0.8125,32453.32,55520.697
688563.SH,20250225,52.18,52.18,51.51,51.51,52.41,-1.7172,20252.74,105025.217
688565.SH,20250225,6.67,6.73,6.61,6.66,6.67,-0.1499,17291.4,11534.937
688566.SH,20250225,23.0,23.32,22.85,23.1,23.1,0.0,6167.69,14256.698
688567.SH,20250225,12.51,12.92,12.4,12.63,12.71,-0.6294,133466.68,169424.133
688568.SH,20250225,60.18,63.56,60.0,62.55,62.02,0.8546,102430.76,638262.788
688569.SH,20250225,20.66,21.05,20.52,20.91,20.83,0.3841,11444.28,23834.165
688570.SH,20250225,20.41,20.85,20.29,20.68,20.42,1.2733,19790.46,40822.879
688571.SH,20250225,8.32,8.41,8.01,8.02,8.37,-4.1816,109824.27,89182.207
688573.SH,20250225,20.62,22.53,20.46,21.96,21.66,1.385,89117.27,193018.17
688575.SH,20250225,16.32,16.45,16.15,16.24,16.48,-1.4563,54209.57,88238.095
688576.SH,20250225,67.45,69.27,67.45,67.61,67.89,-0.4124,6839.49,46788.68
688577.SH,20250225,53.97,63.2,52.95,58.55,55.06,6.3385,39910.95,232395.71
688578.SH,20250225,77.14,78.74,75.41,76.3,77.88,-2.0288,50060.69,382068.021
688579.SH,20250225,10.8,11.18,10.75,11.02,11.03,-0.0907,112002.87,123096.634
688580.SH,20250225,34.66,35.37,33.73,34.82,34.5,0.9275,18799.47,65223.088
688581.SH,20250225,61.11,62.0,60.75,61.25,61.78,-0.8579,5851.68,35891.492
688582.SH,20250225,67.32,70.56,66.89,68.8,70.08,-1.8265,101955.54,702944.652
688583.SH,20250225,107.3,128.17,107.3,122.45,108.9,12.4426,28982.97,342715.623
688584.SH,20250225,18.57,18.89,18.5,18.64,18.75,-0.5867,56203.59,105156.287
688585.SH,20250225,7.32,7.51,7.28,7.43,7.44,-0.1344,27227.12,20178.96
688586.SH,20250225,9.87,10.01,9.82,9.92,9.99,-0.7007,66137.72,65653.662
688588.SH,20250225,14.74,15.15,14.67,14.77,14.98,-1.4019,83792.37,124675.492
688589.SH,20250225,28.28,29.31,28.17,28.85,28.7,0.5226,44034.32,127209.86
688590.SH,20250225,23.51,23.95,23.1,23.35,24.55,-4.888,126542.24,298220.244
688591.SH,20250225,37.44,38.22,36.75,37.64,38.3,-1.7232,86789.03,325466.764
688592.SH,20250225,41.13,42.15,40.75,41.47,41.84,-0.8843,8874.3,36884.515
688593.SH,20250225,20.2,20.88,20.2,20.55,20.54,0.0487,36466.67,74950.443
688595.SH,20250225,39.3,42.37,39.02,40.83,40.02,2.024,95263.08,389753.558
688596.SH,20250225,37.31,40.3,37.01,39.34,37.57,4.7112,105195.01,411022.494
688597.SH,20250225,10.65,10.78,10.6,10.67,10.79,-1.1121,36225.47,38645.42
688598.SH,20250225,25.5,27.88,25.5,27.61,26.36,4.742,139491.61,376606.701
688599.SH,20250225,16.77,17.2,16.57,16.85,16.95,-0.59,320906.34,544608.658
688600.SH,20250225,15.89,16.2,15.77,15.91,15.99,-0.5003,15368.71,24587.867
688601.SH,20250225,45.18,46.5,44.98,45.9,45.98,-0.174,51602.31,236540.378
688602.SH,20250225,7.14,7.23,7.14,7.17,7.21,-0.5548,34455.49,24754.773
688603.SH,20250225,81.9,83.67,80.51,81.12,82.0,-1.0732,12374.58,101314.623
688605.SH,20250225,76.9,79.0,76.6,77.39,77.9,-0.6547,45289.96,352049.936
688606.SH,20250225,67.88,67.97,66.75,67.19,68.06,-1.2783,3145.2,21178.511
688607.SH,20250225,15.8,15.93,15.61,15.84,15.95,-0.6897,12590.52,19880.348
688608.SH,20250225,365.9,393.99,363.2,381.8,373.5,2.2222,36427.95,1379058.394
688609.SH,20250225,11.29,11.79,11.16,11.58,11.45,1.1354,223323.6,257916.076
688610.SH,20250225,39.75,40.24,39.5,39.85,40.2,-0.8706,5802.66,23133.597
688611.SH,20250225,53.1,53.53,49.48,51.23,54.5,-6.0,45358.67,232924.308
688612.SH,20250225,29.42,30.48,29.1,29.44,29.9,-1.5385,74253.77,220236.376
688613.SH,20250225,17.18,17.18,16.72,16.8,17.15,-2.0408,12409.41,20998.328
688615.SH,20250225,259.7,267.9,253.23,260.9,265.5,-1.7326,10800.66,281324.205
688616.SH,20250225,11.05,11.16,10.98,11.06,11.15,-0.8072,15916.95,17645.152
688617.SH,20250225,370.35,378.29,361.0,362.6,379.0,-4.3272,8418.1,308650.871
688618.SH,20250225,24.69,26.0,24.66,25.36,25.43,-0.2753,31057.27,78872.885
688619.SH,20250225,9.91,10.39,9.9,10.13,10.08,0.496,39473.11,40014.37
688620.SH,20250225,16.01,17.08,15.93,16.85,16.44,2.4939,291927.52,487232.984
688621.SH,20250225,46.05,46.68,45.2,45.37,46.92,-3.3035,43676.41,200777.075
688622.SH,20250225,70.08,71.49,69.38,69.72,70.08,-0.5137,5767.46,40585.905
688623.SH,20250225,57.6,58.78,56.77,56.91,57.6,-1.1979,4065.55,23326.178
688625.SH,20250225,36.85,36.85,36.24,36.35,36.63,-0.7644,3157.85,11515.785
688626.SH,20250225,36.75,38.24,36.48,37.58,37.3,0.7507,23566.02,87884.034
688627.SH,20250225,83.0,85.72,81.5,82.48,84.14,-1.9729,23039.57,192722.013
688628.SH,20250225,37.5,38.37,37.11,37.69,37.82,-0.3437,12142.36,45869.783
688629.SH,20250225,63.3,72.94,62.35,65.13,66.8,-2.5,346414.41,2307076.543
688630.SH,20250225,65.69,67.8,65.4,66.59,66.94,-0.5229,41545.32,276410.988
688631.SH,20250225,118.0,124.86,116.58,119.49,122.03,-2.0815,42326.0,509446.43
688633.SH,20250225,28.68,29.79,28.52,29.53,28.88,2.2507,20957.26,61500.07
688636.SH,20250225,31.87,35.01,31.73,34.77,32.53,6.886,51328.52,173445.591
688638.SH,20250225,30.53,31.37,30.5,31.13,31.14,-0.0321,3495.41,10878.629
688639.SH,20250225,31.01,32.2,30.92,31.7,31.43,0.8591,61776.9,196028.509
688646.SH,20250225,38.25,38.97,38.04,38.22,38.65,-1.1125,14078.41,54086.028
688648.SH,20250225,25.0,25.35,24.72,24.97,24.98,-0.04,16446.4,41230.677
688651.SH,20250225,38.01,38.69,38.01,38.3,38.86,-1.4411,12289.59,47202.353
688652.SH,20250225,67.77,72.84,67.01,68.03,69.4,-1.9741,35362.05,246472.531
688653.SH,20250225,14.19,14.65,14.18,14.39,14.43,-0.2772,101430.66,146373.661
688655.SH,20250225,13.2,15.84,12.95,15.11,13.2,14.4697,178830.2,261723.744
688656.SH,20250225,78.5,82.19,77.8,80.62,79.65,1.2178,5056.03,40558.156
688657.SH,20250225,43.5,44.95,43.5,44.1,44.25,-0.339,7301.18,32247.841
688658.SH,20250225,15.8,16.23,15.71,15.92,15.96,-0.2506,83715.48,133586.374
688659.SH,20250225,7.23,7.27,7.11,7.14,7.24,-1.3812,15203.43,10911.951
688660.SH,20250225,8.2,8.68,8.18,8.36,8.31,0.6017,324266.5,274534.849
688661.SH,20250225,57.16,58.5,55.01,57.22,60.4,-5.2649,62885.37,357988.236
688662.SH,20250225,39.02,46.37,39.02,45.66,39.77,14.8102,96815.72,421544.553
688663.SH,20250225,25.03,25.37,24.24,24.92,25.4,-1.8898,34178.76,85068.951
688665.SH,20250225,42.71,42.71,41.05,41.33,43.21,-4.3508,24422.79,101827.755
688667.SH,20250225,43.5,45.58,43.4,44.76,44.09,1.5196,4536.75,20251.066
688668.SH,20250225,52.31,54.42,52.1,53.45,53.5,-0.0935,74926.89,400803.819
688669.SH,20250225,15.52,15.79,15.36,15.75,15.64,0.7033,11401.48,17737.567
688670.SH,20250225,12.5,12.7,12.41,12.5,12.65,-1.1858,12012.59,15098.445
688671.SH,20250225,20.3,20.69,20.0,20.26,20.23,0.1483,6983.54,14232.625
688676.SH,20250225,41.4,43.88,41.4,42.47,44.15,-3.8052,248333.32,1059323.786
688677.SH,20250225,36.0,37.32,36.0,36.2,36.58,-1.0388,10859.37,39636.62
688678.SH,20250225,22.52,22.71,21.88,22.02,23.02,-4.344,85970.21,191256.771
688679.SH,20250225,10.91,11.13,10.75,10.8,10.92,-1.0989,11440.72,12443.436
688680.SH,20250225,32.1,33.58,32.0,33.15,32.56,1.812,28680.37,94675.752
688681.SH,20250225,12.9,13.13,12.74,12.9,12.97,-0.5397,22076.15,28549.658
688682.SH,20250225,36.6,37.33,36.2,36.79,36.88,-0.244,7991.67,29420.909
688683.SH,20250225,18.31,18.94,18.14,18.79,18.55,1.2938,11162.18,20759.614
688685.SH,20250225,56.92,59.2,56.01,58.97,57.36,2.8068,78950.57,458967.789
688686.SH,20250225,95.32,101.44,95.05,99.3,97.1,2.2657,18773.6,186396.75
688687.SH,20250225,23.3,23.62,22.96,23.16,23.38,-0.941,22168.65,51387.105
688689.SH,20250225,23.68,24.15,23.4,23.93,23.95,-0.0835,15978.77,38110.141
688690.SH,20250225,19.1,19.44,18.98,19.17,19.2,-0.1563,34974.71,67357.052
688691.SH,20250225,78.5,85.85,78.45,83.2,80.45,3.4183,55532.28,458311.542
688692.SH,20250225,385.0,403.0,383.52,403.0,391.5,2.9374,8017.06,317078.018
688693.SH,20250225,33.98,35.28,33.9,34.87,35.0,-0.3714,18288.15,63691.955
688695.SH,20250225,35.98,38.1,35.7,37.08,36.87,0.5696,31286.53,116015.324
688696.SH,20250225,130.55,130.55,119.2,127.0,126.68,0.2526,23209.38,287737.014
688697.SH,20250225,18.12,20.05,17.98,19.68,18.3,7.541,113866.2,219702.62
688698.SH,20250225,59.0,61.75,59.0,60.53,60.7,-0.2801,58850.61,355917.32
688699.SH,20250225,38.11,39.3,37.86,38.7,39.04,-0.8709,16484.83,63863.897
688700.SH,20250225,30.97,31.76,30.5,31.3,31.43,-0.4136,56870.77,176810.734
688701.SH,20250225,6.28,6.4,6.2,6.25,6.34,-1.4196,12991.5,8196.923
688702.SH,20250225,74.8,80.5,73.98,78.87,76.2,3.5039,39352.38,306294.154
688707.SH,20250225,11.24,11.59,11.23,11.39,11.41,-0.1753,57422.2,65674.215
688708.SH,20250225,57.27,59.18,56.9,58.25,57.8,0.7785,23836.13,139515.755
688709.SH,20250225,29.0,30.47,28.95,29.64,29.96,-1.0681,107198.41,319408.885
688710.SH,20250225,40.02,41.26,39.7,40.4,40.48,-0.1976,13212.82,53577.245
688711.SH,20250225,18.73,19.04,18.6,18.84,18.98,-0.7376,47755.93,90141.494
688716.SH,20250225,43.9,46.2,43.41,44.9,46.65,-3.7513,117010.98,523698.827
688717.SH,20250225,48.6,49.35,48.1,48.86,49.82,-1.9269,32753.72,159908.764
688718.SH,20250225,11.57,11.64,11.35,11.46,11.64,-1.5464,24951.83,28655.359
688719.SH,20250225,33.8,36.68,33.72,35.36,34.43,2.7011,55892.24,197904.942
688720.SH,20250225,43.07,45.21,43.07,44.85,44.37,1.0818,24717.84,110043.024
688721.SH,20250225,56.37,60.0,56.11,58.78,57.32,2.5471,33395.38,196823.975
688722.SH,20250225,15.8,17.74,15.77,17.56,16.45,6.7477,279011.84,473111.288
688726.SH,20250225,48.14,49.86,48.0,49.12,48.64,0.9868,29875.53,147245.416
688728.SH,20250225,16.0,16.98,15.88,16.58,16.21,2.2825,276333.16,456836.106
688733.SH,20250225,19.77,20.33,19.7,20.23,19.99,1.2006,41524.95,83662.404
688737.SH,20250225,19.45,19.83,19.38,19.6,19.78,-0.91,16469.77,32374.667
688739.SH,20250225,27.97,29.9,27.72,29.31,28.14,4.1578,90445.26,262240.238
688750.SH,20250225,20.7,21.45,20.6,21.04,20.78,1.2512,74174.04,156841.073
688758.SH,20250225,15.63,17.63,15.53,16.9,15.64,8.0563,144493.39,241352.624
688766.SH,20250225,120.34,128.78,120.34,123.92,124.0,-0.0645,93865.3,1165825.416
688767.SH,20250225,34.51,34.6,33.84,34.24,34.54,-0.8686,5990.24,20523.443
688768.SH,20250225,47.0,48.3,46.36,47.29,47.6,-0.6513,13313.58,63180.192
688772.SH,20250225,17.35,18.07,17.26,17.64,17.57,0.3984,130517.05,231501.982
688776.SH,20250225,56.6,63.92,56.36,61.93,57.98,6.8127,51466.55,311790.444
688777.SH,20250225,59.81,61.51,59.36,60.1,60.99,-1.4593,247723.92,1492892.981
688778.SH,20250225,50.28,51.65,49.8,49.99,51.2,-2.3633,49439.73,251758.747
688779.SH,20250225,5.1,5.24,5.09,5.17,5.16,0.1938,201229.96,104412.474
688786.SH,20250225,26.79,26.95,26.36,26.61,26.91,-1.1148,17519.03,46683.816
688787.SH,20250225,114.0,118.5,113.0,113.99,119.2,-4.3708,33780.14,390262.242
688788.SH,20250225,58.02,61.71,58.02,60.25,60.5,-0.4132,28411.3,171393.028
688789.SH,20250225,66.74,69.19,66.74,67.54,67.33,0.3119,21225.56,144559.463
688793.SH,20250225,30.25,30.25,29.6,30.07,30.47,-1.3128,15506.03,46332.479
688798.SH,20250225,77.18,79.46,75.78,77.77,78.45,-0.8668,40935.35,317637.547
688799.SH,20250225,39.75,40.17,39.62,39.75,40.05,-0.7491,9506.94,37837.732
688800.SH,20250225,58.67,61.39,57.89,60.28,61.0,-1.1803,60127.67,360287.105
688819.SH,20250225,29.28,29.71,29.01,29.27,29.54,-0.914,44767.28,131520.141
688981.SH,20250225,100.88,103.94,100.11,101.28,103.4,-2.0503,711722.36,7229312.776
689009.SH,20250225,58.28,60.45,57.88,59.22,59.0,0.3729,112321.05,667468.572
920779.BJ,20250225,39.89,40.98,39.18,39.88,40.58,-1.725,11462.17,45989.511
920799.BJ,20250225,62.85,63.86,61.75,62.0,64.1,-3.2761,62175.45,387896.719
920809.BJ,20250225,5.86,5.86,5.66,5.66,5.92,-4.3919,109979.78,62906.55
920832.BJ,20250225,6.86,6.92,6.76,6.79,6.95,-2.3022,22766.52,15550.806
920839.BJ,20250225,21.6,22.0,21.12,21.19,21.91,-3.2862,17913.12,38469.709
920879.BJ,20250225,13.77,13.98,13.61,13.73,13.96,-1.6476,11954.12,16505.155
920896.BJ,20250225,19.68,21.5,19.46,21.0,20.06,4.6859,66957.45,136575.426
920946.BJ,20250225,10.0,10.0,9.73,9.79,10.06,-2.6839,45806.27,45100.676
920964.BJ,20250225,8.5,8.72,8.22,8.44,8.96,-5.8036,239465.81,201728.035
920974.BJ,20250225,8.1,8.1,7.86,7.93,8.16,-2.8186,27985.42,22194.055
920010.BJ,20250225,10.58,11.7,10.48,11.48,11.21,2.4086,200528.64,223214.415
920039.BJ,20250225,9.01,9.2,8.83,8.96,9.34,-4.0685,28444.47,25585.906
920087.BJ,20250225,13.33,13.96,13.25,13.46,14.37,-6.3326,149114.08,200300.176
920152.BJ,20250225,18.92,21.23,18.52,19.75,19.9,-0.7538,113607.79,226587.882
920267.BJ,20250225,24.24,24.68,23.81,24.03,24.68,-2.6337,12790.63,30911.461
920375.BJ,20250225,23.6,24.61,22.77,23.77,25.11,-5.3365,90263.57,214453.747
920195.BJ,20250225,13.13,13.95,12.92,13.66,13.28,2.8614,34180.24,46257.096
920378.BJ,20250225,12.01,14.78,11.99,13.65,12.53,8.9385,174947.16,234377.164
920304.BJ,20250225,12.67,12.76,12.38,12.48,12.87,-3.0303,49360.03,62112.054
920405.BJ,20250225,17.5,17.79,17.33,17.45,17.94,-2.7313,19456.94,34136.218
920370.BJ,20250225,3.84,3.84,3.72,3.75,3.89,-3.599,52386.62,19871.397
920496.BJ,20250225,11.7,12.07,11.48,11.66,11.95,-2.4268,71641.73,84125.477
920445.BJ,20250225,8.49,8.49,8.18,8.23,8.55,-3.7427,45152.38,37576.353
920526.BJ,20250225,30.32,31.9,30.1,30.76,31.08,-1.0296,19160.33,59374.255
920627.BJ,20250225,25.9,27.04,25.53,25.97,26.49,-1.963,36397.42,95873.43
920641.BJ,20250225,14.86,15.25,14.63,14.75,15.28,-3.4686,19013.54,28327.262
920689.BJ,20250225,25.42,26.59,25.0,25.66,26.0,-1.3077,30352.9,78382.398
920726.BJ,20250225,21.35,21.87,20.6,21.09,21.39,-1.4025,39781.2,84778.892
920768.BJ,20250225,8.61,9.0,8.51,8.71,8.8,-1.0227,42563.02,37274.451
920932.BJ,20250225,30.45,31.98,30.3,30.76,32.0,-3.875,41771.56,129716.892
920834.BJ,20250225,10.25,10.62,10.08,10.47,10.32,1.4535,61138.68,63160.438
920855.BJ,20250225,21.5,24.24,21.1,22.99,23.68,-2.9139,79850.2,177148.828
920856.BJ,20250225,12.35,12.85,12.0,12.58,12.55,0.239,33119.65,41065.477
920906.BJ,20250225,24.35,25.8,23.8,25.22,25.27,-0.1979,36089.51,90241.655
920961.BJ,20250225,17.95,19.12,17.85,18.5,18.68,-0.9636,71660.78,133532.395
920000.BJ,20250225,21.45,22.55,21.45,22.1,22.04,0.2722,21992.99,48504.889
920023.BJ,20250225,5.32,5.74,5.21,5.64,5.38,4.8327,312315.36,172440.095
920089.BJ,20250225,13.31,14.59,13.15,14.2,13.51,5.1073,83743.4,117524.511
920110.BJ,20250225,34.4,34.79,34.0,34.01,34.48,-1.3631,7598.63,26149.932
920145.BJ,20250225,10.96,11.12,10.64,10.69,11.17,-4.2972,25612.27,27872.515
920249.BJ,20250225,13.72,14.9,13.51,14.18,14.57,-2.6767,173792.16,244002.831
920171.BJ,20250225,26.32,27.8,26.0,27.22,27.54,-1.1619,72594.49,196217.576
920175.BJ,20250225,11.8,11.8,11.38,11.49,12.05,-4.6473,49457.89,57290.147
920225.BJ,20250225,12.27,12.28,11.96,12.03,12.26,-1.876,21094.46,25536.012
920278.BJ,20250225,9.66,9.66,9.24,9.25,9.6,-3.6458,43673.15,41130.696
920419.BJ,20250225,15.2,15.24,14.9,14.97,15.42,-2.9183,12650.09,18987.414
920469.BJ,20250225,14.27,15.4,14.11,14.83,14.81,0.135,85022.43,126996.746
920471.BJ,20250225,14.44,14.44,13.91,14.04,14.47,-2.9717,15721.18,22187.505
920491.BJ,20250225,37.35,39.99,36.88,39.35,39.39,-0.1015,191074.4,735161.274
920522.BJ,20250225,57.04,59.71,56.12,57.85,57.7,0.26,55169.72,321044.297
920566.BJ,20250225,10.61,10.69,10.31,10.39,10.72,-3.0784,38707.09,40745.464
920651.BJ,20250225,22.34,22.77,21.91,22.18,22.56,-1.6844,7978.93,17847.192
920662.BJ,20250225,27.6,31.38,27.37,30.1,29.3,2.7304,87694.13,260069.843
920735.BJ,20250225,32.11,32.14,31.23,31.3,32.48,-3.633,17904.14,56509.112
920786.BJ,20250225,7.37,8.08,7.28,8.05,7.51,7.1904,224685.55,175434.942
920802.BJ,20250225,17.38,18.2,16.98,17.46,17.42,0.2296,12691.34,22424.291
920876.BJ,20250225,27.6,29.52,27.21,28.05,28.59,-1.8888,39004.94,110597.084
920885.BJ,20250225,14.41,14.71,14.19,14.39,14.85,-3.0976,39971.64,57570.262
920978.BJ,20250225,21.6,22.74,21.2,21.66,22.57,-4.0319,83998.01,183535.312
920982.BJ,20250225,226.3,229.0,222.68,223.5,226.59,-1.3637,4053.97,91512.926
920130.BJ,20250225,20.96,21.65,20.3,20.83,21.51,-3.1613,40803.68,85546.6
920075.BJ,20250225,33.85,34.4,32.44,33.16,34.59,-4.1341,35805.78,119691.766
920571.BJ,20250225,6.28,6.3,6.16,6.17,6.34,-2.6814,133411.08,82754.005
920230.BJ,20250225,16.27,16.58,16.0,16.23,16.66,-2.581,11311.21,18454.775
920266.BJ,20250225,9.72,9.8,9.53,9.55,9.86,-3.144,17741.88,17141.537
920284.BJ,20250225,15.75,16.67,15.33,16.05,16.08,-0.1866,52465.84,84718.209
920346.BJ,20250225,27.45,29.85,27.27,28.82,28.6,0.7692,39985.04,114828.766
920394.BJ,20250225,25.01,25.2,24.44,24.75,25.39,-2.5207,37037.15,92220.841
920427.BJ,20250225,13.96,14.1,13.36,13.4,14.12,-5.0992,39232.21,53275.875
920429.BJ,20250225,16.6,16.76,16.23,16.28,16.52,-1.4528,19851.5,32733.431
920454.BJ,20250225,15.8,16.8,15.6,16.68,16.0,4.25,54718.32,89190.85
920455.BJ,20250225,8.25,8.75,8.11,8.75,8.42,3.9192,49833.21,42487.079
920509.BJ,20250225,17.7,18.18,17.3,17.77,18.1,-1.8232,33861.62,59969.069
920523.BJ,20250225,25.7,25.96,25.31,25.35,26.07,-2.7618,25178.79,64521.114
920533.BJ,20250225,62.56,71.9,61.88,67.2,65.55,2.5172,117309.27,793423.825
920575.BJ,20250225,18.34,18.34,17.75,17.88,18.35,-2.5613,22250.45,39862.173
920580.BJ,20250225,13.2,13.59,13.01,13.2,13.56,-2.6549,20897.01,27737.513
920751.BJ,20250225,15.11,15.28,14.74,14.77,15.41,-4.1531,30507.28,45807.556
920781.BJ,20250225,8.8,8.81,8.56,8.63,8.91,-3.1425,43890.56,38211.344
920819.BJ,20250225,3.42,3.45,3.35,3.39,3.5,-3.1429,134384.13,45584.088
920873.BJ,20250225,5.05,5.15,5.01,5.06,5.21,-2.8791,76701.63,38880.913
920914.BJ,20250225,17.15,18.53,16.81,17.45,17.15,1.7493,63722.24,112981.694
920943.BJ,20250225,18.33,18.79,17.9,18.65,18.61,0.2149,28164.39,51551.881
920014.BJ,20250225,12.15,12.17,11.8,11.85,12.32,-3.8149,22169.96,26549.013
920021.BJ,20250225,7.3,7.5,7.17,7.25,7.55,-3.9735,197250.59,144393.366
920033.BJ,20250225,22.09,22.1,21.5,21.76,22.62,-3.8019,19645.77,42711.169
920058.BJ,20250225,29.34,29.34,28.33,28.64,29.55,-3.0795,7508.86,21617.873
920062.BJ,20250225,8.48,8.59,8.36,8.45,8.62,-1.9722,49074.91,41465.18
920261.BJ,20250225,11.44,11.44,11.07,11.12,11.54,-3.6395,35089.7,39421.046
920407.BJ,20250225,27.93,29.0,26.7,27.22,28.7,-5.1568,37723.63,105485.105
920415.BJ,20250225,20.01,21.78,20.0,21.01,21.37,-1.6846,147314.25,308149.678
920475.BJ,20250225,20.71,21.5,20.68,21.23,21.3,-0.3286,21504.05,45436.246
920599.BJ,20250225,14.45,14.49,14.18,14.31,14.67,-2.454,69040.57,98707.036
920639.BJ,20250225,6.79,6.83,6.67,6.68,6.83,-2.1962,22506.71,15167.362
920682.BJ,20250225,9.05,9.05,8.7,8.82,9.06,-2.649,51163.87,45528.725
920765.BJ,20250225,22.37,22.9,22.07,22.2,23.0,-3.4783,15562.3,34849.411
920770.BJ,20250225,21.05,22.17,21.0,21.08,21.77,-3.1695,69301.68,149270.4
920950.BJ,20250225,19.4,19.5,18.81,19.24,19.45,-1.0797,5928.69,11337.868
920174.BJ,20250225,31.6,31.94,30.8,31.3,32.41,-3.4249,52138.64,163031.709
920179.BJ,20250225,31.0,32.27,30.5,30.82,31.61,-2.4992,29367.38,91259.747
920184.BJ,20250225,15.25,15.95,14.94,15.4,16.28,-5.4054,87445.69,134136.75
920185.BJ,20250225,23.38,23.8,22.89,23.02,23.84,-3.4396,85262.13,198086.16
920207.BJ,20250225,27.1,35.9,27.0,30.5,28.94,5.3905,184659.38,589118.89
920237.BJ,20250225,29.45,30.3,29.08,29.16,30.21,-3.4757,17935.05,53071.477
920305.BJ,20250225,38.02,42.47,37.11,39.7,40.28,-1.4399,110542.86,442755.372
920368.BJ,20250225,34.31,35.36,33.81,34.48,35.52,-2.9279,70371.47,243994.865
920438.BJ,20250225,19.2,21.8,18.88,20.42,19.68,3.7602,125062.35,255873.571
920508.BJ,20250225,34.65,35.91,34.0,35.01,35.54,-1.4913,16431.24,57579.198
920579.BJ,20250225,22.61,24.18,22.03,23.46,23.4,0.2564,48699.54,113860.013
920640.BJ,20250225,27.5,29.43,27.38,28.9,28.37,1.8682,78510.71,224242.444
920670.BJ,20250225,19.78,20.16,19.47,19.62,20.38,-3.7291,50510.97,99765.127
920057.BJ,20250225,6.55,6.57,6.26,6.34,6.54,-3.0581,31650.0,20428.024
920992.BJ,20250225,15.89,16.07,15.18,15.33,16.08,-4.6642,28314.9,44332.831
920985.BJ,20250225,12.0,12.15,11.71,11.75,12.21,-3.7674,103547.88,123485.8
920077.BJ,20250225,12.55,12.66,12.3,12.4,12.92,-4.0248,80569.59,100187.471
920149.BJ,20250225,13.75,14.0,13.47,13.7,13.79,-0.6526,28290.02,38821.95
920208.BJ,20250225,37.12,38.45,36.63,37.1,38.71,-4.1591,25288.62,94908.343
920221.BJ,20250225,17.58,19.05,17.28,18.12,17.99,0.7226,46637.27,84740.081
920239.BJ,20250225,43.0,45.2,43.0,43.3,45.39,-4.6045,71279.82,314454.595
920247.BJ,20250225,28.0,29.7,26.85,27.8,27.01,2.9248,78576.84,225271.851
920260.BJ,20250225,11.51,11.67,11.3,11.4,11.75,-2.9787,13147.8,15097.318
920263.BJ,20250225,9.14,9.16,8.84,8.97,9.15,-1.9672,6316.05,5689.241
920270.BJ,20250225,13.38,14.09,13.07,13.74,13.45,2.1561,26421.89,36137.891
920395.BJ,20250225,18.5,22.01,18.28,19.99,18.19,9.8955,154149.6,316164.264
920414.BJ,20250225,13.47,13.73,13.29,13.37,13.74,-2.6929,26074.64,35161.033
920519.BJ,20250225,11.01,11.21,10.83,10.98,11.17,-1.701,15886.84,17488.031
920422.BJ,20250225,11.1,11.24,10.86,10.95,11.24,-2.5801,23987.51,26461.396
920433.BJ,20250225,6.67,6.7,6.5,6.56,6.8,-3.5294,55834.25,36938.996
920504.BJ,20250225,20.2,20.46,19.78,19.84,20.45,-2.9829,6447.35,12886.891
920547.BJ,20250225,18.46,18.46,17.75,17.79,18.45,-3.5772,13126.37,23652.233
920675.BJ,20250225,9.87,9.96,9.58,9.63,9.98,-3.507,16223.69,15864.142
920699.BJ,20250225,51.1,53.3,50.11,51.3,52.59,-2.4529,17745.64,91986.308
920717.BJ,20250225,10.3,10.55,10.1,10.16,10.51,-3.3302,17134.68,17588.188
920720.BJ,20250225,19.02,20.35,18.8,19.95,19.7,1.269,49621.69,97509.362
920807.BJ,20250225,9.75,10.1,9.75,9.89,10.05,-1.592,40900.28,40601.745
920826.BJ,20250225,10.81,11.23,10.72,11.12,10.95,1.5525,64285.05,70894.942
920871.BJ,20250225,15.53,15.95,15.16,15.35,15.7,-2.2293,24249.52,37433.225
920892.BJ,20250225,12.78,12.91,12.51,12.68,13.09,-3.1322,17821.04,22625.172
920942.BJ,20250225,16.29,16.72,15.79,16.0,16.72,-4.3062,25702.33,41372.671
920957.BJ,20250225,12.23,12.78,12.21,12.3,12.67,-2.9203,15217.71,18869.986
920061.BJ,20250225,35.01,35.86,34.18,34.3,35.58,-3.5975,37314.42,129697.56
920006.BJ,20250225,23.35,24.74,22.97,24.02,23.75,1.1368,32852.94,78555.294
920123.BJ,20250225,15.32,15.8,15.05,15.21,15.61,-2.5625,26214.83,40198.255
920046.BJ,20250225,15.66,16.26,15.56,15.74,16.32,-3.5539,41320.12,65362.103
920092.BJ,20250225,48.0,51.5,47.99,48.91,50.45,-3.0525,27033.16,134187.339
920274.BJ,20250225,13.99,14.08,13.22,13.46,14.31,-5.9399,15718.09,21716.4
920212.BJ,20250225,17.5,17.98,17.2,17.68,17.81,-0.7299,21345.79,37651.472
920242.BJ,20250225,31.3,34.1,31.18,32.85,31.21,5.2547,31438.44,102994.423
920344.BJ,20250225,21.0,21.29,20.22,20.55,21.24,-3.2486,14326.54,29560.761
920403.BJ,20250225,26.3,26.78,25.58,25.96,28.1,-7.6157,61644.34,160122.45
920592.BJ,20250225,66.9,68.93,66.53,67.87,68.5,-0.9197,20918.52,141581.214
920663.BJ,20250225,21.0,28.8,20.18,28.8,22.16,29.9639,120781.16,320123.547
920748.BJ,20250225,24.61,25.9,24.5,24.85,25.42,-2.2423,14328.44,35881.905
920821.BJ,20250225,39.43,44.59,39.26,41.23,39.4,4.6447,62049.4,262091.632
920030.BJ,20250225,6.86,7.15,6.67,6.96,7.11,-2.1097,91839.25,63462.877
920163.BJ,20250225,14.1,14.1,13.71,13.76,14.21,-3.1668,11542.91,16060.903
920271.BJ,20250225,17.0,18.0,16.78,17.56,17.28,1.6204,24933.85,43363.521
920227.BJ,20250225,60.0,60.87,59.12,59.69,61.2,-2.4673,10910.67,65365.827
920262.BJ,20250225,24.77,24.77,24.0,24.13,25.14,-4.0175,15751.2,38253.603
920275.BJ,20250225,7.79,8.03,7.59,7.81,7.99,-2.2528,47903.57,37391.871
920402.BJ,20250225,9.95,10.25,9.86,9.91,10.23,-3.1281,84639.07,84746.089
920870.BJ,20250225,17.46,19.03,17.12,18.35,17.79,3.1478,73671.86,134998.019
920701.BJ,20250225,32.1,33.8,31.81,33.71,32.72,3.0257,25891.8,85914.642
920810.BJ,20250225,12.3,12.4,11.84,12.19,12.4,-1.6935,17869.36,21645.102
920837.BJ,20250225,13.68,15.89,13.37,14.96,13.82,8.2489,129104.58,190643.821
920924.BJ,20250225,34.0,38.69,33.57,35.56,37.2,-4.4086,135214.88,487927.688
920971.BJ,20250225,30.8,32.99,30.52,31.45,32.21,-2.3595,52376.99,164887.882
920167.BJ,20250225,22.33,23.49,22.02,22.36,22.63,-1.1931,31941.28,72661.892
920273.BJ,20250225,27.1,29.19,26.52,29.02,27.15,6.8877,46513.35,130145.259
920371.BJ,20250225,7.99,8.29,7.89,7.99,8.12,-1.601,52058.2,41939.34
920493.BJ,20250225,204.1,229.99,203.0,218.5,211.48,3.3195,66880.33,1459633.454
920680.BJ,20250225,20.21,20.98,19.86,20.18,20.78,-2.8874,47830.92,97401.002
920719.BJ,20250225,11.12,11.39,10.88,10.9,11.3,-3.5398,42026.9,46432.935
920725.BJ,20250225,35.6,37.35,35.1,36.65,36.13,1.4392,39254.68,142656.512
920729.BJ,20250225,7.94,7.94,7.61,7.73,7.98,-3.1328,27567.04,21271.554
920790.BJ,20250225,43.08,44.99,43.03,44.3,45.36,-2.3369,34752.17,153119.292
920792.BJ,20250225,10.86,10.88,10.4,10.46,10.93,-4.3001,56180.36,59451.893
920146.BJ,20250225,8.97,9.88,8.68,9.63,9.14,5.3611,191026.16,179002.825
920199.BJ,20250225,25.47,26.32,25.07,25.38,25.95,-2.1965,17980.06,46216.032
920204.BJ,20250225,20.46,20.58,19.79,19.9,20.68,-3.7718,23188.66,46757.464
920299.BJ,20250225,12.87,12.99,12.54,12.62,13.09,-3.5905,34215.74,43618.556
920357.BJ,20250225,25.0,25.48,24.25,24.84,24.75,0.3636,40913.31,101731.665
920436.BJ,20250225,18.37,19.09,18.2,18.46,18.9,-2.328,25569.02,47441.007
920608.BJ,20250225,15.96,16.8,15.55,15.95,16.66,-4.2617,20790.65,33485.585
920656.BJ,20250225,17.96,17.96,17.5,17.56,17.89,-1.8446,6573.95,11610.6
920926.BJ,20250225,24.45,24.45,23.69,23.89,24.82,-3.747,18369.78,44186.389
920866.BJ,20250225,8.26,8.51,8.16,8.35,8.51,-1.8801,51074.33,42368.987
920976.BJ,20250225,25.51,26.98,25.51,26.11,26.59,-1.8052,22544.9,59272.209
920245.BJ,20250225,38.9,38.9,36.62,38.45,39.5,-2.6582,7134.85,26821.37
920363.BJ,20250225,19.88,20.71,19.35,19.89,20.42,-2.5955,34628.27,68986.674
920396.BJ,20250225,18.98,19.22,18.57,18.97,19.12,-0.7845,14272.22,26875.52
920578.BJ,20250225,34.35,36.78,34.3,36.45,35.63,2.3014,47189.75,169835.766
920553.BJ,20250225,8.66,9.07,8.35,8.93,8.69,2.7618,56338.45,49578.468
920634.BJ,20250225,19.23,19.82,18.84,18.98,19.25,-1.4026,17078.94,33107.848
920642.BJ,20250225,12.3,12.7,12.1,12.25,12.78,-4.1471,37836.25,46896.556
920694.BJ,20250225,17.43,17.43,17.04,17.15,17.59,-2.5014,8820.24,15169.482
920753.BJ,20250225,29.82,29.98,28.97,29.09,30.28,-3.93,16546.42,48658.63
920857.BJ,20250225,17.22,18.97,16.68,18.61,17.5,6.3429,30015.05,53832.08
920970.BJ,20250225,6.39,6.85,6.21,6.6,6.49,1.6949,49984.81,32931.779
920981.BJ,20250225,34.1,36.21,33.83,34.45,35.38,-2.6286,28694.0,100306.39
920190.BJ,20250225,39.3,42.98,39.05,41.11,41.01,0.2438,82258.5,339403.905
920351.BJ,20250225,13.28,13.28,12.84,12.93,13.45,-3.8662,22052.62,28736.164
920374.BJ,20250225,35.5,37.56,35.15,36.13,36.36,-0.6326,27598.22,100128.768
920392.BJ,20250225,20.99,21.44,20.4,20.43,21.43,-4.6664,10187.28,21218.113
920541.BJ,20250225,12.49,12.49,11.94,12.04,12.4,-2.9032,26274.8,31943.183
920808.BJ,20250225,74.5,78.9,73.93,76.1,79.33,-4.0716,61472.33,469144.229
920895.BJ,20250225,15.68,16.5,15.5,16.05,16.83,-4.6346,41763.03,66216.847
920925.BJ,20250225,14.75,14.75,13.78,13.89,14.76,-5.8943,45102.54,64066.686
920931.BJ,20250225,13.72,14.13,13.62,13.74,14.14,-2.8289,9140.24,12690.124
920953.BJ,20250225,51.91,56.68,50.86,53.2,54.9,-3.0965,46109.78,250292.435
920001.BJ,20250225,25.3,30.89,25.28,27.59,26.84,2.7943,168905.71,471857.672
920122.BJ,20250225,51.5,51.7,49.64,49.94,52.23,-4.3845,18336.54,92713.919
920132.BJ,20250225,15.11,15.11,14.68,14.69,15.31,-4.0496,17711.37,26302.213
920252.BJ,20250225,19.37,19.99,19.0,19.07,19.64,-2.9022,49850.6,96860.537
920367.BJ,20250225,29.41,32.31,29.12,29.72,30.25,-1.7521,55484.93,170372.652
920169.BJ,20250225,14.64,14.83,14.28,14.46,14.87,-2.7572,18358.64,26620.475
920223.BJ,20250225,12.0,12.15,11.7,11.74,12.18,-3.6125,34477.98,41066.979
920505.BJ,20250225,26.1,26.48,25.31,25.7,26.7,-3.7453,23009.44,59550.231
920339.BJ,20250225,8.41,8.56,8.26,8.42,8.37,0.5974,11593.69,9750.16
920527.BJ,20250225,15.18,15.37,14.85,15.15,15.37,-1.4314,18904.34,28465.814
920570.BJ,20250225,36.45,41.0,35.65,38.62,37.0,4.3784,26127.57,99005.301
920576.BJ,20250225,23.78,24.7,23.1,23.81,23.79,0.0841,22916.77,54884.359
920593.BJ,20250225,61.8,66.79,60.77,65.4,65.17,0.3529,111343.42,721671.211
920665.BJ,20250225,12.28,12.44,12.03,12.1,12.42,-2.5765,16241.84,19873.543
920679.BJ,20250225,18.5,18.67,18.01,18.27,18.7,-2.2995,10337.74,18897.273
920690.BJ,20250225,21.7,24.52,21.2,23.29,22.33,4.2991,28569.29,65419.876
920693.BJ,20250225,48.0,52.0,47.51,49.73,49.26,0.9541,31388.62,155665.668
920703.BJ,20250225,24.2,24.49,23.62,23.83,24.52,-2.814,15336.59,36890.008
920706.BJ,20250225,18.4,20.1,17.57,19.16,19.98,-4.1041,129713.33,238602.705
920026.BJ,20250225,25.1,25.94,24.43,25.94,25.33,2.4082,17090.83,42944.467
920806.BJ,20250225,15.95,16.57,15.67,15.96,16.26,-1.845,87462.54,140352.158
920833.BJ,20250225,12.82,13.2,12.71,12.89,13.06,-1.3017,20458.13,26460.908
920002.BJ,20250225,123.49,160.56,121.1,145.0,130.09,11.4613,33279.49,480628.846
920008.BJ,20250225,31.72,31.94,31.2,31.34,32.03,-2.1542,14147.78,44779.54
920016.BJ,20250225,24.35,24.35,23.67,23.72,24.7,-3.9676,15870.54,38058.401
920019.BJ,20250225,20.67,20.97,20.33,20.39,20.96,-2.7195,24374.35,50279.49
920060.BJ,20250225,35.12,36.11,34.9,35.34,36.11,-2.1324,30670.47,108627.442
920066.BJ,20250225,36.7,37.38,36.37,36.75,37.36,-1.6328,6311.41,23213.465
920082.BJ,20250225,14.68,16.15,14.6,15.07,14.96,0.7353,123191.45,191102.086
920088.BJ,20250225,23.88,24.34,23.56,23.94,24.22,-1.1561,9303.65,22282.873
920098.BJ,20250225,29.02,30.26,28.9,29.14,29.58,-1.4875,33751.25,99703.588
920099.BJ,20250225,29.6,29.76,29.02,29.22,29.8,-1.9463,9263.44,27099.711
920106.BJ,20250225,63.9,68.0,62.1,67.0,63.6,5.3459,15066.43,97841.123
920108.BJ,20250225,18.27,18.45,18.0,18.15,18.4,-1.3587,20332.88,37042.913
920111.BJ,20250225,26.99,27.47,26.51,26.81,27.29,-1.7589,26172.09,70518.228
920116.BJ,20250225,62.6,63.63,61.63,62.2,63.54,-2.1089,30246.62,189167.283
920118.BJ,20250225,27.0,27.68,26.43,26.55,26.92,-1.3744,7191.52,19454.875
920128.BJ,20250225,30.32,30.5,29.96,29.99,30.63,-2.0895,11215.38,33802.869
