rank,code,name,industry,score_100,score_raw,launch_score,trend_score,momentum_score,activity_score,stability_score,liquidity_score,ret_3,ret_5,ret_10,ret_20,breakout_20,high_breakout_20,close_position_20,price_vs_ma20,ma_alignment_20,ma_bull_20_60,trend_slope_20,amount_ratio_1_20,amount_ratio_3_20,amount_ratio_5_20,money_flow_bias_20,price_volume_sync_10,turnover_5,turnover_20_used,turnover_accel_5_20,vol_10,vol_20,downside_vol_20,win_rate_20,max_drawdown_20,vol_base,range_base,chip_tightness_20,accel,trend_efficiency_20,close_strength_5,upper_shadow_5,avg_amount_20_used,close,trade_date,kline_fallback_used,quote_only_fallback_used,pass_momentum_floor,pass_next_2_3d_setup
31,300424,航新科技,航空,98.08429118773945,1.0166809654117783,1.2052851918458098,0.8391405774948284,1.044181561531378,1.4443868071615442,0.7416343582360686,0.5255311201363586,0.02810862315388274,0.13221406086044074,0.0898989898989897,0.18571428571428572,0.12039873319142291,-0.013711151736745975,0.9136842105263158,0.07502206531332734,0.06360002076735354,0.05758002818602814,0.009406986653071553,1.6194020531231952,1.591304722636635,1.574410291331482,0.3569057048171449,0.80789991391596,14.8199,14.8199,0.0,0.03446097658186007,0.0282929440129585,0.011849098655825627,0.6,-0.06979014153245489,0.02527545395937367,0.03977005305954521,-0.031073293599442286,0.08496131360769343,0.3927453907931152,0.5313486823918214,0.31138084614415884,310061959.0,22.22,2026-05-28,False,False,True,True
33,300199,翰宇药业,化学制药,97.9565772669221,1.0006753575593768,1.5200637012240314,2.1239267291485024,1.7857634335107988,0.9599073415514505,-0.4976073533671717,0.5654456209041946,0.08127659574468082,0.045248868778280604,0.23890784982935154,0.1258307487815684,0.1387724919891542,0.022123893805309658,0.8333333333333335,0.07674726062697457,0.06450355166155011,0.10827724936051841,0.007811785272444537,1.5062407064887067,1.324145750121274,1.1659327916977427,0.1061105727496016,0.8742221782291458,5.8177,5.8177,0.0,0.05249199876774547,0.0430901247721355,0.010732701622855396,0.45,-0.10138454667262164,0.04357425412841218,0.05304298317379628,-0.04736174574656582,-0.03184461815127193,0.20332143744800035,0.42781217342533423,0.39985300508730165,1288647826.1,24.35,2026-05-28,False,False,True,True
42,301026,浩通科技,小金属,97.38186462324393,0.9452792079748502,1.0159106562894145,0.7814860320935222,0.9127638216432219,1.215301173268883,1.218507269182792,-0.7592276481319096,0.04611291752882063,0.14198128428525347,0.09397217928902624,0.1405091846600064,0.10324833219028617,-0.02934722984092153,0.8087071240105538,0.07014153002057455,0.051823679780534704,0.040553179756388946,0.006621547946804463,1.8310128375972625,1.8514130581195527,1.8415382157430027,0.4280664996203194,0.4989138853888303,6.482,6.482,0.0,0.028822031398146243,0.024593691828673086,0.011208823378715446,0.6,-0.05440494590417311,0.01903469268114154,0.03262008477603311,-0.024468849519098168,0.14327035937387744,0.37150167117681054,0.5966139403786936,0.29540126874678163,240899487.4,34.5,2026-05-28,False,False,True,True
47,605018,长华集团,汽车配件,97.06257982120052,0.9322577390541643,1.0084585661700673,0.7233249190520852,0.8829997614381552,1.0617278205953466,1.210134161349109,-0.08439954544979711,0.04996431120628131,0.1010479041916168,0.1177811550151977,0.15918045705279749,0.11540794661813791,0.010302197802197766,0.8977272727272729,0.0600545950864424,0.04849863512283905,0.08546187824082963,0.006817544315748404,2.1482451959744906,1.9688219979596604,1.642084193650103,0.4365803204428171,0.4112894166983487,9.4744,9.4744,0.0,0.024314984977490208,0.018686038803809,0.008992865008588846,0.65,-0.026925953627524257,0.013238772987503696,0.02822407218339237,-0.019232892665859168,0.04825042586222361,0.512840524135578,0.541562928370388,0.4042704049629454,117614287.5775,13.7,2026-05-28,False,False,True,True
54,001289,龙源电力,新型电力,96.61558109833972,0.8978020355940259,1.2082282226780168,0.807317865653069,1.03182766558704,1.1346503506894627,0.694407042775111,0.04225148778319987,-0.001654715940430096,0.06910809214412295,0.02202145680406553,0.10231425091351998,0.04091784800299059,-0.010928961748633892,0.6774193548387099,0.02343502889840976,0.01828219800442814,0.01640574006059592,0.0034864456480073265,1.6622001238929025,1.1274444400351122,1.0721287650422209,0.31382811444740943,0.6692376004463976,12.6462,12.6462,0.0,0.026639406771576273,0.02264798393619559,0.009195619149902013,0.6,-0.05207166853303469,0.02061430373022604,0.033043569543635035,-0.025586010055589636,0.038048408831090175,0.27735413792557667,0.5703637523463599,0.31659276939277003,185104873.1,18.1,2026-05-28,False,False,True,True
55,002801,微光股份,电气设备,96.55172413793103,0.8965163877829235,1.3236971073026462,0.28272555153355217,0.865669622764245,1.3145609966148704,1.108340064062065,-0.5621501383893742,0.06455469216975485,0.08070388349514546,0.06519138755980869,0.0886308068459658,0.08016314648310141,0.02033801203093666,0.9672333333333332,0.04274255909511315,0.03311145815959846,0.006158211626866361,0.004803375016772567,2.228773785973852,2.046212980003865,1.8144195691063305,0.434614818098458,0.5993718562681914,6.2328,6.2328,0.0,0.0232792883057973,0.022632888072626013,0.010554554581290163,0.6,-0.04491374182034502,0.02116516171460632,0.028591459864562893,-0.02413568097458895,0.0733689201699621,0.23010997772789563,0.6558478264972483,0.2966521735027522,117614287.5775,33.0,2026-05-28,False,False,True,True
80,000027,深圳能源,火力发电,94.95530012771393,0.7859274789659924,1.1068221734091686,1.0508991123217646,1.0822160265307108,0.8049934489582214,0.41401296905471985,-0.08016305163316081,0.06481481481481488,0.1103448275862069,0.09822646657571643,0.15994236311239196,0.0980766607556951,-0.003712871287128605,0.9615384615384623,0.04296821716000543,0.036638930568817285,0.028383054334611524,0.006075754110415828,2.16041411827369,1.4893049360368071,1.1845325476246693,0.3604257970148728,0.8027726825275849,10.6297,10.6297,0.0,0.028276218988961807,0.023703596230563655,0.015117458500185811,0.65,-0.06572164948453607,0.024082913610912093,0.03644339655644183,-0.02902710678912399,0.06567623968995329,0.3971068154105183,0.6990556448758494,0.2030089919155255,461174703.3,8.05,2026-05-28,False,False,True,True
85,002860,星帅尔,家用电器,94.6360153256705,0.7669444870496034,0.9545600690893628,0.5231718246230563,0.764749241524188,0.9903339599137604,0.8646222007069838,-0.1522970542610263,0.05305232558139528,0.05228758169934644,0.078621763406312,0.09152972766547518,0.08124122379073495,-0.003438789546079679,0.8825033868905183,0.03124594291152194,0.03300892015848076,0.023273351341577042,0.006018279243169145,2.437152851535428,1.2650890118340397,1.021992622866112,0.4476976853273394,0.6117296804761314,6.9891,6.9891,0.0,0.029515940184306554,0.024800301623251832,0.011299295547504565,0.65,-0.06120996441281146,0.01805484070309553,0.03277349325346924,-0.02394230172324501,0.014995356029671392,0.22677831038518434,0.5319343180389688,0.18698460087995014,171985925.6,13.87,2026-05-28,False,False,True,True
86,300802,矩子科技,专用机械,94.57215836526181,0.7645943086068743,0.9214047928314756,0.6328920156412576,0.7944591708677797,0.9858153311679271,0.6277671660563036,0.43767673752498726,0.022222222222222143,0.10566893424036272,0.11578947368421044,0.21414342629482075,0.09973386260092898,0.003705228489090162,0.9538152610441766,0.06229419459605734,0.05394018674725945,0.08886851454673472,0.008679057018250414,2.094654255537758,1.6761203615674682,1.5068375219296748,0.3007891378367908,0.494351778387923,14.6495,14.6495,0.0,0.03233893553584584,0.028635415159380197,0.016367711843184356,0.6,-0.054054054054053946,0.026214575601762394,0.04217302410378253,-0.03259795500257045,0.00756136451924716,0.4653696280323943,0.6977766280916722,0.24316732471068794,235769199.95,24.38,2026-05-28,False,False,True,True
88,002422,科伦药业,化学制药,94.44444444444444,0.7632543090929383,1.8159493623252871,0.49131153620501217,1.2331087188323662,0.7576260936178445,0.37702203968988274,-0.3970287621259011,0.07509386733416767,0.12177603656545877,0.03525158180174759,0.029139038870493295,0.04548274287303311,-0.03401743041889238,0.7703984819734343,0.008787393981739111,0.0008641196440166699,0.00011356661917782951,-0.0006661911429406307,0.864491406973617,1.4047415920255097,1.2967995144530753,0.14118845281347747,0.7851594493248479,1.638,1.638,0.0,0.033573019855012855,0.02803214897688609,0.009046842176013474,0.45,-0.10142264717567473,0.020990266204446332,0.036454957563215346,-0.02717614274795394,0.20435668963288567,0.0676691348123031,0.41273118556752164,0.3296453980934651,552142555.9,35.02,2026-05-28,False,False,True,True
95,600577,精达股份,电气设备,93.99744572158365,0.7423681931998125,0.9508534813943442,0.6113744780696,0.8014827199314568,0.6840754723694277,1.020750465373932,-0.36634437598425407,0.019727891156462674,0.05936395759717317,0.0925655976676385,0.13202704047845093,0.10014731103263719,-0.004648074369189903,0.9507102445059088,0.07475365061787453,0.06362741096793806,0.01870376289559439,0.009593723808803068,1.347118896834152,1.4989391950831148,1.4308805711931682,0.41278775344865115,0.3767605133690754,4.5633,4.5633,0.0,0.02490958732539165,0.024027141300841652,0.008848180133038858,0.65,-0.057825751734772446,0.02270657729181101,0.038556170556589615,-0.029046414597722454,-0.009227278077948986,0.3018937741868002,0.5982738755780368,0.26684240349173083,938601772.25,14.17,2026-05-28,False,False,True,True
99,600483,福能股份,新型电力,93.74201787994892,0.7384407427511666,0.8963677342807068,1.0649035128226378,0.9705234768391566,0.5525357617453291,0.7764241349856309,-0.6401842432370931,-0.010820559062218127,0.04079696394686927,0.045757864632983924,0.10920121334681498,0.0438174984537798,-0.03687445127304656,0.7765957446808512,0.04400780246443681,0.04058233027261036,0.007686653029915558,0.006546887223768527,1.1417898388735312,1.180995380887976,1.031870607171328,0.2687361449970943,0.2874895367520805,4.0791,4.0791,0.0,0.022756543996719107,0.017077036070462032,0.013737785935459941,0.65,-0.060606060606060774,0.01765092186840345,0.03667705694649375,-0.02526137589963957,-0.024925988530380305,0.39040140963405756,0.594016036121301,0.32206787996261604,380267590.6,10.97,2026-05-28,False,False,True,True
100,603466,风语筑,文教休闲,93.67816091954023,0.7374837345812812,1.1339883613475221,0.3852565549275601,0.8045463665227389,0.8973560154418514,0.575048445732681,0.788144097091118,0.008348794063079756,0.07093596059113283,0.0794438927507446,0.1057985757884028,0.0586803019235449,-0.02946428571428572,0.7624309392265186,0.07095203311419485,0.05474555636717775,0.018415962705196076,0.0058107284280826095,1.2251462233355144,1.6218281249861926,1.7296088656214825,0.19803411283748018,0.7363860228782199,15.2345,15.2345,0.0,0.040730916883120354,0.03352742251310578,0.01684760971361594,0.6,-0.07080504364694473,0.026143424219550872,0.0377259759392795,-0.030776444907442323,0.03838255265623958,0.2071878470673601,0.6567524309805519,0.10654698762409891,454649268.3,11.06,2026-05-28,False,False,True,True
103,002718,友邦吊顶,其他建材,93.48659003831418,0.7264124882938799,1.7413199139679354,0.8694354954695352,1.3576907698286393,0.5481127149701222,0.08504656324506774,-0.3418977711399019,0.06960416414477666,0.15866771570941518,0.12632249840662846,0.23736171404565187,0.16999020153068,0.01353521449873818,0.9672333333333332,0.0835782950663384,0.07133815312094502,0.08869956320546657,0.009895836755629423,1.3976271319090101,1.075977781008935,1.0951269346391173,0.09028849342876638,0.7715776399448949,6.6643,6.004607692307692,0.0,0.04359141564031082,0.03907330894170501,0.01692356400697965,0.5,-0.0772928994082841,0.03332446439986794,0.05522437040722831,-0.04208442680281209,0.0907500571181814,0.39266479346552374,0.5837960248254404,0.3089210620092936,151210352.3,90.19,2026-05-28,False,False,True,True
111,000883,湖北能源,水力发电,92.97573435504471,0.712071162653424,0.947428628223413,1.0880177707073644,1.0092878509163516,0.7129756899320467,0.411117100525758,-0.5170015173853435,0.011741682974559575,0.04868154158215021,0.06597938144329896,0.07484407484407485,0.04034611127880061,-0.007677543186180413,0.8363636363636365,0.02304054733876648,0.0175671596740115,0.01827060993101548,0.002358749272819826,1.3160875017449967,1.081370893811332,1.0396891662097272,0.26514504386875304,0.72579725773248,4.6199,4.6199,0.0,0.026241486849660406,0.02081516774856851,0.015777495516117207,0.55,-0.05232558139534893,0.021210276616508292,0.030377537253494666,-0.02487718087130284,0.023733516634125262,0.2646859067948186,0.6888528138528133,0.25660173160173183,302340128.2,5.17,2026-05-28,False,False,True,True
113,000531,穗恒运Ａ,火力发电,92.84802043422732,0.7092296411445191,1.633215972379672,0.4262261959306799,1.1021404707421156,0.9396486230317186,0.09336368968089342,0.08065182362685919,0.10181311018131112,0.13342898134863712,0.09570041608876556,0.10644257703081239,0.08591065292096212,0.031081219056080567,0.9672333333333332,0.014707903780068587,0.00981443298969049,0.020813844714686836,0.001488256724284916,2.453115752972717,1.5633607403534588,1.1500278961814494,0.43173914266456764,0.6032714598158831,16.3629,16.3629,0.0,0.03319397719367859,0.028427200841494193,0.017821101726286346,0.7,-0.07804232804232802,0.028209795692587237,0.03888486648780236,-0.032479824010673286,0.15723850515816096,0.21842402869869226,0.6990556448758494,0.20247474747474725,224546234.45,7.9,2026-05-28,False,False,True,True
117,600011,华能国际,火力发电,92.5925925925926,0.7003117286422884,1.0449100568040277,0.6963202143288066,0.8915305261149304,0.6476224950400871,0.335780800681338,1.1135149423409922,0.08042895442359255,0.10109289617486339,0.07038512616201853,0.15971223021582737,0.08442650521358908,0.020253164556962133,0.8356164383561643,0.024150689539186088,0.021890346451395936,0.016456590613817212,0.004727257093288187,2.194650005111346,1.3743106797440334,1.0998599136855023,0.3507801527013934,0.790974059491971,8.1886,8.1886,0.0,0.026285605376142617,0.021546177257693592,0.014480760538219261,0.55,-0.06393861892583119,0.021717292623728766,0.03164587571237765,-0.02568872585918832,0.04785548610292101,0.4461682988336397,0.6843583535108966,0.3156416464891034,1308131066.6,8.06,2026-05-28,False,False,True,True
120,300319,麦捷科技,元器件,92.40102171136654,0.69598325429912,0.8125347149631986,0.42121426202840584,0.6403537156718899,0.8417420341790264,0.7491606860756496,0.642046983013049,0.015343562374916742,0.14007490636704123,0.148679245283019,0.2003154574132493,0.12060079517007782,-0.003926701570680535,0.931596091205212,0.08260933588573094,0.06576351052864071,0.05284101186015899,0.009146338087893858,1.9528608986331666,1.7874812822927384,1.793194970748016,0.2848411878552418,0.6164531776227492,16.1321,16.1321,0.0,0.03395682713208967,0.027274071556482482,0.013790109269841335,0.6,-0.044380816034359394,0.021247983480120535,0.0360983200821842,-0.027188118120946,0.08723578964779843,0.44129075774906806,0.6541319411182428,0.3136458366595348,810166655.55,15.22,2026-05-28,False,False,True,True
121,300221,银禧科技,塑料,92.33716475095785,0.6957440474957992,0.9887585441453158,0.6763654307150371,0.8513055742359933,0.9173074316641913,0.2041401088169637,0.8191912451039196,0.10271158586688589,0.09551020408163269,0.14798973481608213,0.16089965397923867,0.13378110083217187,0.002989536621823552,0.9347826086956522,0.06653149157267801,0.05744096650192229,0.08285431119920705,0.008912790149242055,1.626661920075456,1.734750131334029,1.489242163118783,0.2516258801416245,0.7903931009133214,15.3231,15.3231,0.0,0.056515498855116905,0.04249658896403439,0.01407023058479378,0.55,-0.08470588235294119,0.029548448367117886,0.03657443145583515,-0.03235884160260479,0.035821622766753825,0.2906891988239695,0.4515609052194419,0.26513039805722716,367724384.9,14.42,2026-05-28,False,False,True,True
125,603859,能科科技,软件服务,92.08173690932313,0.6898657763056002,1.010134773166552,0.8133222744162971,0.9235372737164399,1.073208105267528,0.1020843164064642,-0.11720904240330575,0.01963746223564944,0.04258605472197696,0.12687813021702832,0.13038277511961738,0.12248776547726514,-0.007561436672967825,0.8671390611160319,0.09112937710837654,0.07081294246210854,0.02790303938007721,0.00919746032063575,1.9027697435429616,1.75440699832382,2.00538186490439,0.19146031746931358,0.6701601259425615,7.3509,7.3509,0.0,0.03901465682988308,0.03362487586144361,0.013043713327279686,0.55,-0.0804374240583231,0.036049664933283314,0.048460375836104366,-0.04101394929441174,-0.04162447159381255,0.24032800608692712,0.3960843015816066,0.41950785849088773,478512692.4,45.54,2026-05-28,False,False,True,True
142,003019,宸展光电,元器件,90.99616858237547,0.6475200903219775,1.3100146515757274,0.29383195342816915,0.8628942643908019,0.9987545080394249,0.1618627038896183,0.2883048805949835,0.1198268866648633,0.17114568599717095,0.16357504215851604,0.14112458654906268,0.1518397440356123,0.031081219056080567,0.943329397874852,0.04989914446685684,0.034441121235306446,0.07952184773413284,0.00401455750386606,2.339278469166783,1.8264717618590205,1.5946954458939213,0.3183763018191631,0.832078335798804,14.8858,14.8858,0.0,0.04528472376683434,0.03462639718235982,0.0119512281866835,0.5,-0.06795580110497235,0.029871947343808387,0.04214097582082859,-0.03477955873461647,0.19677964410080928,0.26699861440646416,0.5818457471761508,0.3179536296113167,277198816.45,44.05,2026-05-28,False,False,True,True
150,002452,长高电新,电气设备,90.485312899106,0.6408704502936783,1.123502719992941,0.5395961772416739,0.8665838411823835,0.5965711482230713,0.5556089277157813,-0.19594498597135088,0.01635322976287812,0.10195035460992918,0.1299999999999999,0.13723696248856365,0.08317720360768588,-0.02048857368006307,0.8790697674418606,0.05511742407738218,0.043335802361552836,0.023714651045229074,0.0057913508445419605,1.195605980585034,1.2678384683243258,1.2773421795262587,0.2662023417091178,0.664055719988327,8.1296,8.1296,0.0,0.03333754366221872,0.028337037613245165,0.01396922076392261,0.55,-0.06574394463667821,0.027927124976194657,0.046058801813790955,-0.035179795711233176,0.06992839669593098,0.30088930554013715,0.6344155844155842,0.223276723276723,407789222.3,12.43,2026-05-28,False,False,True,True
180,600378,昊华科技,化工原料,88.56960408684546,0.6022796262534003,1.3631074959140503,0.3804777358973253,0.9307504015066914,0.5056396313980642,0.3436350835761317,0.1417834649691909,0.11950941243582425,0.12754955472565355,0.1786786786786787,0.1490046838407495,0.09787138821291741,0.021337496747332763,0.9672333333333332,0.020558865486280498,0.016777153086627326,0.03978710409213826,0.0016109754961373276,1.6893248636722182,1.1805647696153108,1.173623019992296,0.2689615607293495,0.650672456845603,8.9035,8.9035,0.0,0.04225890419197485,0.03606642981641983,0.01267135408184508,0.6,-0.09016393442622961,0.029755980989278945,0.04667944249434832,-0.036525365591306695,0.10852145168115679,0.25139167783840416,0.5682231904572327,0.24346935315020515,819145572.15,40.38,2026-05-28,False,False,True,True
206,300751,迈为股份,专用机械,86.90932311621967,0.5725284370217985,1.3894960616187477,0.4639632889463883,0.9822616416429096,0.4883786711456984,-0.24215900753360736,1.6106591445605336,0.08549901725267528,0.1724259936313246,0.0431999440324613,0.25227797606550495,0.1524416398421835,-0.004838494394020287,0.9461016949152544,0.08483234858818878,0.07431071060085581,0.021553008795816897,0.012978896168278624,1.6085092183506078,1.270030370578936,1.1619472175414982,0.30461781814416794,0.5809093339618362,6.9548,7.984784615384616,0.0,0.032527617852880664,0.037225348725106744,0.013090413154709497,0.6,-0.11022107177836848,0.03955223429227697,0.07449487497921901,-0.053529290567053786,0.10431765854839359,0.3811028319938477,0.658560892222912,0.33486826588797103,3264342986.1,260.97,2026-05-28,False,False,True,True
222,600977,中国电影,影视音像,85.88761174968072,0.5515401465287743,1.1862966654370908,0.2865448219492642,0.7904058543024471,0.02912459824703234,0.8346952672846104,0.19821921500290496,0.0013623978201635634,0.011699931176875511,0.035211267605633756,0.02083333333333326,0.03601381351751365,-0.024552090245520963,0.7052631578947366,0.03502713369511623,0.03130594122207367,0.018239663194153932,0.004001829225965029,1.0200580834322615,1.0946262138148604,1.0554688294597403,0.07477712752751066,0.11398455258025415,7.294,6.142807692307692,0.0,0.010586976123853698,0.015272499511222422,0.009118757381161842,0.5,-0.05944055944055948,0.01668785617710067,0.03274315041245011,-0.023109973871240443,0.0026721533990978763,0.08064633965835223,0.5121409454125347,0.404564936940406,541121121.4,14.4,2026-05-28,False,False,True,True
232,002983,芯瑞达,元器件,85.24904214559386,0.5418873859318942,0.7580992078277099,0.1690651179313326,0.4989242082733039,0.5102206041507038,0.9089238852382607,-0.04421984474799373,0.038257575757575824,0.09903769045709687,0.10213108162444717,0.1359303771239122,0.1046628783299075,-0.003272727272727316,0.9672333333333332,0.07878934429532891,0.06750493692822297,0.024914118918621275,0.009639017141451113,1.3022204853374522,1.569004980620907,1.4619267615581797,0.45413752848435235,0.26238921316411207,12.2251,12.2251,0.0,0.023733445947766132,0.023082284206798125,0.019213772484402973,0.65,-0.0520714557202584,0.02428623938012918,0.03788636489373653,-0.029726289585572118,0.06546951805759416,0.3658486247709394,0.6990556448758494,0.07074412851821488,162720063.45,27.41,2026-05-28,False,False,True,True
238,002465,海格通信,通信设备,84.86590038314176,0.5305667007899735,1.3207107520450772,0.19142347411354818,0.8238243497552045,0.6752517405280363,0.10302749535447997,0.2019994600857652,0.07606679035250452,0.08487720549568123,0.051359516616314105,0.049457177322074886,0.07219237677822887,-0.013045944412932498,0.9166666666666665,0.025236985573308335,0.015004925950472845,0.015537240168810529,0.0026490896331843304,1.4179531258303615,1.539923009470607,1.372375941125259,0.20744646062541042,0.5359732575914968,7.8776,7.8776,0.0,0.03888126221674465,0.03427808441674846,0.01894192173740218,0.5,-0.125,0.03434883132853759,0.04442045870674128,-0.03837748227981906,0.11752608777855955,0.09027174712664142,0.5448052198474184,0.32875575576233795,1808131027.25,17.6,2026-05-28,False,False,True,True
252,300429,强力新材,化工原料,83.97190293742018,0.5118412927504657,0.426151226023567,0.35628982976961593,0.39541221167182855,0.8871277966690154,0.5481633576385233,-0.10971722473736888,-0.008588957055214785,0.04190844616376532,0.05759162303664933,0.11218169304886438,0.0838726986149767,-0.03694874851013119,0.8160237388724033,0.05301988664945134,0.04405915691337703,0.05276970331752495,0.006419180181581749,1.5893095847504295,1.6119189448636868,1.6889187975547235,0.4375149249537734,0.6199893764567589,8.3958,8.3958,0.0,0.04027062002332024,0.03009363312193325,0.02325282185944272,0.65,-0.07730061349693262,0.02223256187055833,0.038846806946512644,-0.028878259900940055,-0.025538215914693074,0.2359801414594342,0.5700840861482064,0.2486659138517938,455689853.6,15.46,2026-05-28,False,False,True,True
288,600203,福日电子,元器件,81.67305236270754,0.4611318379683638,0.8932094725762267,-0.08231388410976555,0.4639791956343901,0.8069531880413776,0.40866801201424097,0.025411148268344508,0.0410022779043282,0.14536340852130336,0.07698350353495687,0.08465189873417733,0.06929766407986593,-0.020014295925661174,0.8672985781990524,0.039191982217369414,0.02552743438755227,0.07409734439138815,0.0031754697745416203,1.5169734695131407,2.2246274135568513,1.8931544276140115,0.25573911725579984,0.588405658666722,11.7537,11.7537,0.0,0.035864107608172706,0.030592138211006394,0.014102837795812674,0.5,-0.09728506787330315,0.022253831357899462,0.033146026161044055,-0.026610709279157298,0.19836973763522736,0.17974027070545884,0.6406857713967209,0.2741290434180936,453661390.15,13.71,2026-05-28,False,False,True,True
298,000682,东方电子,电气设备,81.03448275862068,0.45165491825109716,0.8504653009927964,0.16677302553660786,0.5496406997920734,0.26615858975648354,0.7695518214689125,-0.3841602858000044,0.08069381598793357,0.01487252124645888,0.06226834692364713,0.05522827687776144,0.054413009087230124,-0.01172413793103444,0.8831168831168832,0.02704094772083443,0.021713697067804773,0.017646544946273934,0.002890674683471115,1.145546615271601,1.2670215661551933,1.2097159819030299,0.07918066650454118,0.5113046423871346,6.3121,6.3121,0.0,0.03583909492639517,0.027617048058674896,0.014548840474843427,0.5,-0.06090651558073645,0.023451371507937767,0.0324085654448923,-0.027034249082719577,-0.024891838105529196,0.12204430055894071,0.554098610317914,0.17821761714394496,467706844.8,14.81,2026-05-28,False,False,True,True
301,601799,星宇股份,汽车配件,80.84291187739464,0.4456516486503693,1.193936768850884,0.056854111245194267,0.6936203995043806,0.5506567746534127,0.26797428492111797,-0.3698809143246153,0.08867143394806165,0.10861566763759001,0.039755571531272516,0.13142454822811556,0.09366593941384704,-0.009383561643835692,0.9404347826086955,0.04852187761269455,0.04100425837133779,0.0019639055617988177,0.00684624900782063,1.1587748212355344,1.6192202706371497,1.395106711905231,0.38006631820921094,0.6823451336350957,2.8029,3.066746153846154,0.0,0.03143454597065463,0.027852813453422616,0.016512978058533134,0.55,-0.07217828900071888,0.02813918951477051,0.04602107323073728,-0.03529194300115722,0.0880414675280694,0.31040045214876716,0.6795813218001288,0.310012586829313,678003907.75,134.4,2026-05-28,False,False,True,True
308,300047,天源迪科,软件服务,80.39591315453384,0.4386138420630436,0.8092715517747832,-0.20535749374056286,0.3628347717480309,0.5883191482926866,0.7917619735341531,-0.2237133941297107,0.011829652996845352,0.028869286287088958,-0.00696594427244579,0.03634894991922444,0.022147864882090307,-0.026555386949924098,0.7348484848484852,0.0033460803059270905,0.002198852772466298,0.001889051483304538,0.0006888636505220808,1.8230669590150776,1.1848115129940833,1.2588831998045757,0.11391324438594232,0.7841435342587275,7.2935,7.2935,0.0,0.034094720929705856,0.026414357873151297,0.015016199978071316,0.5,-0.0754573170731706,0.019061230370545645,0.02916938916794041,-0.02310449388950355,0.02159949630324398,0.08849918364234459,0.4457186437769556,0.1773387248249001,288613415.65,12.69,2026-05-28,False,False,True,True
316,000695,滨海能源,化工原料,79.88505747126436,0.43381974780722865,0.8574766620619235,0.3370245465616591,0.6284777312418073,0.7579267376876584,0.04090610613793816,-0.38703116046793107,0.010500308832612548,0.11065852002715548,0.08704318936877065,0.10391363022941968,0.07476021547759792,-0.02619047619047632,0.8239999999999995,0.03481802654053334,0.022020759427144744,0.07567102830155359,0.00262876347352415,1.6038851577297801,2.098556453122214,1.7075432970064441,0.11070916613942804,0.4190804156075999,11.8029,6.70853076923077,0.0,0.04870045353898909,0.0377603802425149,0.016847617746883696,0.5,-0.09251101321585908,0.030566418945827865,0.04840039033563737,-0.03770000750175166,0.11673139452108261,0.17925760933500576,0.53634308464601,0.28396884195949457,271620210.4,15.36,2026-05-28,False,False,True,True
317,002745,木林森,元器件,79.82120051085569,0.4318345764978899,0.4061366567659231,0.2129363253401606,0.32112851093858763,0.5545516956442101,0.6996873006084328,-0.10369019116409275,0.08057851239669422,0.0761316872427984,0.09758656873032545,0.177927927927928,0.07607633352193832,-0.03327171903881698,0.7500000000000002,0.04747698163674707,0.04006995524921564,0.08091628519005867,0.006348106261745071,1.9724248053126594,1.5829742665014253,1.3912299253312201,0.22640323004400179,0.7642135840297714,9.9122,9.9122,0.0,0.041990448501613806,0.033279620263965685,0.01506524637607373,0.6,-0.042532146389713144,0.023620539610632946,0.037475390639311344,-0.029162480022104306,-0.01846290735179612,0.36320034887817093,0.5547786162501347,0.16460429514227026,619066798.75,10.9,2026-05-28,False,False,True,True
335,300768,迪普科技,软件服务,78.67177522349937,0.41492251670648084,0.6428802149839986,-0.16217271797852326,0.288656924480489,0.24573370250383195,1.2987265960955312,-0.9030180955696137,0.009122006841505215,0.011428571428571344,-0.028540065861690445,0.02608695652173898,0.012846556607822412,-0.03331512834516659,0.6139240506329113,-0.0023747532259448256,-0.0009327343995879644,0.02578827396617034,0.0006741984428038081,1.2703942517074616,1.132625689797416,1.027515633039555,0.3520676839560234,0.06320356808545168,2.9601,2.711246153846154,0.0,0.022830194937066874,0.018875855475149843,0.008776905988687574,0.65,-0.07244785949506038,0.015789386453217227,0.02543927932102609,-0.01964934360034077,-0.0030641821946171266,0.07936879219133977,0.5119095190523755,0.22466466118151507,117614287.5775,16.9,2026-05-28,False,False,True,True
346,300812,易天股份,专用机械,77.96934865900383,0.4024891838436927,0.8030126502899987,0.2430674959393735,0.5566367823757237,0.2749028693997517,0.20816126147149572,0.8645527346657966,0.03939466730723029,0.09074867658179997,0.0747640337804274,0.1675661090124123,0.08632614890225088,-0.03479812625473999,0.8498609823911031,0.06754704191406313,0.058749984308901396,0.01870409759549152,0.010156883616595776,1.0562459535231925,1.3119008071538796,1.3372621030154235,0.12024478949291889,0.0824558800204367,16.761334999999995,16.932119999999998,0.0,0.030752885314676133,0.035231941669350036,0.014939487752394351,0.5,-0.06494429959706083,0.035663939043936214,0.05589825582724453,-0.04375766575725954,0.02032234090991647,0.3009620569108421,0.6460798190270861,0.15720116600572395,513406578.45,43.99,2026-05-28,False,False,True,True
348,603012,创力集团,专用机械,77.84163473818646,0.3988101119389718,1.2870153768465802,0.35035261781739196,0.8748837628737374,0.2514641181026024,0.07971400434428072,-0.8148255604641621,0.08631578947368435,0.1378169790518191,0.040322580645161255,0.15307262569832414,0.1171249188135961,0.015748031496062964,0.9615384615384613,0.036588006061918366,0.0336436458107817,0.08323398932947668,0.005873093645566605,1.5442703460220535,1.4291118650731884,1.2266358414540137,0.1264212520097299,0.5770035640937132,3.1244,3.1244,0.0,0.03430773303542127,0.03455675299582548,0.008822670532476642,0.45,-0.10483870967741926,0.03176882522207731,0.04624846856970931,-0.03756068256113011,0.12440915782276862,0.29765459198560085,0.5354486847547936,0.3522518500045656,266622177.95,9.65,2026-05-28,False,False,True,True
351,300341,麦克奥迪,电气设备,77.6500638569604,0.39383957856795887,0.5369932203073285,0.029537151535689598,0.31371255004780746,0.4426073973892263,0.9044499167639838,-0.8425149867742323,-0.014851485148514865,0.023794212218649413,0.014659018483110353,0.04943968358602513,0.02686490147386067,-0.03806646525679758,0.6999999999999998,0.01770567936272438,0.016931660592769182,0.010801177915177318,0.003300249203975527,1.2431659970694635,1.3994561023675387,1.4029853140568103,0.136476410330509,0.7055805632402626,3.8852,3.8852,0.0,0.026443010963574567,0.02458213096740391,0.01315402457799945,0.5,-0.04873534855027761,0.023910619532651903,0.032435510823161776,-0.02732057604885585,-0.0012552274649366701,0.1289395620667374,0.6786027244926323,0.18730636641645815,117614287.5775,15.15,2026-05-28,False,False,True,True
357,301051,信濠光电,元器件,77.2669220945083,0.3840965749305221,0.5903789873003042,0.12627951630379383,0.38617522006183974,0.7337279351629444,0.45918500489346764,-0.9386417935567117,0.07437348423605505,0.0884520884520883,0.03303536727555367,0.1521456436931079,0.07899650889015164,-0.026373626373626502,0.8674033149171266,0.04026954615571965,0.03898676625801736,0.08282111956864147,0.007587166340793106,1.5406761505293787,2.0893554353019628,1.4801828072009118,0.4092502084605021,0.7343835275530669,3.9606,3.9606,0.0,0.024808090402469937,0.02601170045473508,0.010514407638475587,0.55,-0.07883817427385886,0.027572835489911723,0.04455285941443425,-0.03436484505972073,0.029934533185508316,0.34716983604591617,0.6586575670490004,0.29358123892114885,142327861.65,25.92,2026-05-28,False,False,True,True
359,300088,长信科技,元器件,77.13920817369093,0.37734682201659897,0.7522287784990194,0.04079934123430786,0.4391998261025463,0.5997068302485433,0.12469858904505526,0.5632737185043254,0.0678426051560379,0.11001410437235548,0.08253094910591474,0.11473087818696892,0.09411928263589608,-0.016249999999999987,0.8273809523809523,0.047129153343528296,0.03550674266648124,0.06434190732200551,0.0058870936551722415,1.8580540073261638,1.7734366926576415,1.4950307858191698,0.2303884084663747,0.4950886856672472,13.6252,13.6252,0.0,0.02657054607069521,0.03229525351198691,0.019995717697702628,0.55,-0.06648936170212771,0.031726306927941754,0.048130684033723906,-0.03828805777025462,0.10576481258765291,0.23112635615620386,0.6647839369401054,0.3254599654989192,1270132825.9,7.87,2026-05-28,False,False,True,True
385,002049,紫光国微,半导体,75.47892720306514,0.3543169589373893,0.6818203328445278,-0.2770477086407672,0.259918394590998,0.2947742861063516,0.7397555027364542,0.4706501068429193,0.04575645756457569,0.08540788969743396,0.03758847937515264,0.17382300151870744,0.08880650056668649,0.024831243972998962,0.9672333333333332,0.03709395470349808,0.03252460444000489,0.05704977359231278,0.00603396806748798,1.929603733887289,1.3849108714599063,1.2473088923136546,0.30456471117516265,0.5526136309006603,9.7465,9.7465,0.0,0.03393714320432964,0.02907139885302268,0.014075407270051911,0.6,-0.057682926829268344,0.025818899785314826,0.03614285207449872,-0.029948480700988385,0.003949930288349446,0.3428274513610035,0.6990556448758494,0.10107812892706722,2952035974.0,86.3,2026-05-28,False,False,True,True
400,301458,钧崴电子,元器件,74.52107279693486,0.3436065637278693,1.0456331405087889,0.2758806051546874,0.7069420249529842,0.24938392292648515,0.0022865671015240008,-0.22183261416989103,0.10355235662874396,0.13762565820966977,0.08491212052042907,0.13382633587786263,0.12868371684357993,0.031081219056080567,0.8738819320214672,0.039633349956068376,0.037515138562370695,0.10215618961207751,0.006848352626240362,1.6832473112180844,1.373830622986154,1.1277934935970872,0.25518852560733757,0.4261731752136647,9.6791,9.6791,0.0,0.045032442577434946,0.037510897992791156,0.0187144000791056,0.55,-0.09908909131304156,0.026215467790458195,0.04571543246903869,-0.03401545366189039,0.1409653528661583,0.23320272201092848,0.5375723417140807,0.3007838226694806,393531786.2,47.63,2026-05-28,False,False,True,True
426,301251,威尔高,元器件,72.86079182630907,0.30753578220155253,0.8724320319242443,0.10590872383374035,0.5351617763644226,0.11956108390178743,0.30736356020730266,-0.20237915878966686,0.0680435705191682,0.10380116959064312,0.11835283661679741,0.1104574202088544,0.11751689226693074,0.015603981705676562,0.9672333333333332,0.06035331295653501,0.0519815572708902,0.03754866352865305,0.0077024808674686475,1.6207821833815113,1.4020744004504113,1.1830975918514983,0.1468168838566778,0.3613988989296708,9.8974,9.8974,0.0,0.03232814677308959,0.029504257041650744,0.017171251591316116,0.55,-0.042142353770260876,0.024765863240946557,0.05949376984527457,-0.03865702588267776,0.09777087101732329,0.22717171753347035,0.6060347325216137,0.26428639209431454,383969557.65,73.81,2026-05-28,False,False,True,True
446,002516,旷达科技,汽车配件,71.58365261813537,0.29000302687265933,0.5208320728800246,-0.2230314875121537,0.1935321063074662,0.16358799214109174,1.0358072279208912,-0.917352169606211,0.019386106623586308,0.03612479474548436,0.009599999999999831,0.08981001727115712,0.03332514533693609,-0.007861635220125951,0.8933333333333332,0.0031933185949397647,0.005878981413248141,0.024007825600894206,0.0024169980342652058,1.9203395075406826,1.2700459795275192,1.1030963775228746,0.09076678275570327,0.5252162071343902,4.9677,2.520092307692308,0.0,0.020267395022127765,0.020553003454755678,0.008755165129400428,0.5,-0.050793650793650724,0.018819800226286664,0.023695048781489092,-0.020769899648367635,-0.01568867675710628,0.29096960549765577,0.6000932400932397,0.2786946386946395,117614287.5775,6.33,2026-05-28,False,False,True,True
454,002906,华阳集团,汽车配件,71.0727969348659,0.2854579256330595,0.6212529543925785,-0.32997643852183095,0.20271202151023837,0.23378827583309075,0.8233022754281434,-0.3347910707869214,0.05718041406506735,0.021269841269841328,0.014826498422713108,0.009950991930959052,0.035850244051044866,-0.004024767801857454,0.8385625795354841,0.009511248103461378,0.009511248103461467,0.032179305773753164,0.0017429405046072587,1.1724835941823268,1.5425891005752383,1.3694465790888504,0.08605550256514184,0.6108630666349102,6.1007,6.1007,0.0,0.020066538316514344,0.01984823011303744,0.010583310119990318,0.5,-0.056722030711375826,0.019100603668806275,0.0323971547596085,-0.024419224105127164,0.032352954548510615,0.02945926887365034,0.5289233117708507,0.34017226830738856,296305270.9,30.6,2026-05-28,False,False,True,True
470,301237,和顺科技,塑料,70.05108556832694,0.2749334163369108,0.6557764495751572,0.45727974697348894,0.5684379004304232,0.1271480526105254,-0.02546158517734505,-0.1131768495142351,0.018476368991832803,0.10406386066763407,0.04693091109276071,0.15766245624714648,0.054952674825781145,-0.03562373225152138,0.8070054945054944,0.034427764102208824,0.024137572374579766,0.13380434868064128,0.00322523884165219,1.6212975657579585,1.2555180077566337,1.1860295432416523,0.08705612963648172,0.2538370616677316,9.6119,9.6119,0.0,0.029565632005024163,0.03321803224885514,0.012961225977254852,0.5,-0.09342105263157885,0.03339078668774136,0.061717812704744045,-0.04472159709454243,0.055517216321263385,0.29035050475993496,0.5139935625413466,0.3278848061684082,177717356.2,76.07,2026-05-28,False,False,True,True
473,300909,汇创达,元器件,69.8595146871009,0.2720084403363001,0.5382592178098811,0.05313884039792443,0.32480625174862016,0.12736145102258425,0.6237063637982684,-0.6445993121355602,0.04645833333333327,0.08770030316154176,0.04711277882009579,0.1292715827338129,0.05633950915858743,-0.01990243902439026,0.8657894736842101,0.023574688229479834,0.020798721372841687,0.10208669720872399,0.0034726466225499207,1.410230065383643,1.3377032166658676,1.215097208944838,0.31581843027286927,0.2926381790408103,6.4564,6.4564,0.0,0.022597736062026665,0.020164356118590174,0.011735190520893364,0.55,-0.06707070707070706,0.020927619557463372,0.04543304773758316,-0.030729790829511286,0.049480878701110065,0.38377623085376594,0.6496894322748961,0.350310567725104,206437288.6,50.23,2026-05-28,False,False,True,True
506,300346,南大光电,半导体,67.75223499361431,0.22454401604883928,0.37694997610335007,-0.03650015041964668,0.19503192043323153,0.3096408378420926,0.19901712648375788,0.5293092641871785,0.01700566855618546,0.075079309129362,0.07907305855298064,0.18492618492618496,0.10439222218198929,-0.010703859876743382,0.8520923520923523,0.05482130571749266,0.04805735597639123,0.08025542484427106,0.007428409166087858,1.5365853853810647,1.3112966092973173,1.320744912426608,0.36779345191649404,0.6779955025302766,8.3602,8.3602,0.0,0.03953516780397835,0.03432871817343674,0.02005485772600541,0.65,-0.07035678559519842,0.027905274528250666,0.054678398931982314,-0.038614524289743324,-0.027096293046240172,0.30876049738305605,0.6188736091939171,0.2229949029168095,3508452436.35,57.91,2026-05-28,False,False,True,True
513,300655,晶瑞电材,半导体,67.30523627075351,0.2190679804155009,0.662994425000912,-0.1982037273706566,0.28406723795742184,0.6701370006520331,0.018061884850166562,-0.5951037292673862,0.02758620689655178,0.09224190592547332,0.12878787878787867,0.13451776649746194,0.12177677395068698,0.0022421524663676085,0.8962962962962959,0.06907585168454733,0.05697973524060482,0.019215397896217734,0.007357939361862194,2.0716017958149777,1.7386162018494955,1.6654940462943153,0.3265267771385861,0.8509588722051347,6.9534,6.9534,0.0,0.03210882146855689,0.035233406148561734,0.022414962715330975,0.55,-0.09649122807017552,0.03278487598593014,0.04048665863789234,-0.03586558904671502,0.05353632216912807,0.2416243842067857,0.6886361644968899,0.2131182214680226,1090862635.65,17.08,2026-05-28,False,False,True,True
522,603920,世运电路,元器件,66.73052362707536,0.2128204402312136,0.6482354143766066,0.2652845710979145,0.4797370433339821,0.11409999169524077,-0.43286221323890817,1.3588573230219025,0.061705426356589266,0.07033447952485172,0.08388730610952844,0.09480415667466047,0.12402337338323166,-0.012545061283345205,0.9534011783610075,0.07790033484341152,0.07413827063226316,0.06215549479446625,0.011813559899354452,1.2423907445322369,1.2253529894440924,1.0863035075184104,0.233917166166642,0.2441386149967761,14.5983,14.5983,0.0,0.028176035298829373,0.03982342218729419,0.01796041130098501,0.6,-0.1036772216547498,0.04299587621750551,0.06673157249323193,-0.05249015472779608,0.04747276889335694,0.13681219574927023,0.6146416984436417,0.28917852627545926,2943767145.8,66.06,2026-05-28,False,False,True,True
526,603997,继峰股份,汽车配件,66.4750957854406,0.20895931891699418,0.6029797708519561,0.13948834393299078,0.3990435430076114,-0.13091384391912675,0.48233955787264565,-0.7369937740286607,0.027838957988576274,0.05547316447669326,0.06904581485196082,0.10671775037924247,0.06434742814808736,-0.03042876901798075,0.834272898528275,0.046923917185254016,0.04181138629912429,0.026655375178955776,0.00697868580090852,1.0825494402717393,1.1404461307599278,1.0028559839868683,0.15599856521495864,0.3574225569515302,2.8851,2.8851,0.0,0.015405134732412357,0.02869120449052725,0.009324719110849559,0.55,-0.03515332834704554,0.03251921019387163,0.043626659063660624,-0.03696218974178723,0.006921872385855066,0.2663543748600621,0.5781979606188452,0.3938020393811547,276477513.05,14.02,2026-05-28,False,False,True,True
574,300458,全志科技,半导体,63.40996168582376,0.17222910188613316,0.30339215264742087,-0.297281492563507,0.03909574875461261,-0.020256070402359952,0.8233216002248863,-0.21891810694754324,0.005769735116705865,0.044389978213507764,0.025401069518716568,0.12087193287125797,0.055287293588726305,-0.008018623900672428,0.9356688085529524,0.025513607756575185,0.022453687364213472,0.10568694222075536,0.003917686518586492,1.1911240669297793,1.1036939926668674,1.093667084786669,0.37651386026189204,0.41263331682198945,7.9768,7.9768,0.0,0.03000133774001697,0.026287329157463287,0.019433165712456468,0.65,-0.06084447941253601,0.02171546806535216,0.03693799834885067,-0.02780448017875156,-0.02884124408199651,0.26781346775860143,0.6880001970364182,0.1238464928590528,1736757181.25,37.66,2026-05-28,False,False,True,True
593,600933,爱柯迪,汽车配件,62.196679438058744,0.16132937826014423,0.4401312259086324,-0.43897617163888963,0.05332397098772271,0.12144137810605735,0.7314197869865924,-0.48712857285346434,0.054664289958407775,0.02246543778801846,-0.012242626599888617,0.0471976401179941,0.026100528947596624,-0.0273972602739726,0.7854077253218884,0.008064283030320363,0.009960401190854595,0.003044184158645491,0.0028308769437829996,0.7130021695521249,1.1528995486634164,1.015393591004138,0.4106625309642816,0.39675074287613327,3.2304,4.3239230769230765,0.0,0.022231609608924716,0.022239946345042727,0.015447922615937897,0.65,-0.06343906510851427,0.02122103638098403,0.037264866202459085,-0.027638568309574053,-0.0017233527724536124,0.12679290983105798,0.4081198589894236,0.3932314923619268,366617418.8,16.56,2026-05-28,False,False,True,True
630,002048,宁波华翔,汽车配件,59.83397190293742,0.1261345458355072,0.6044230670532561,-0.21556452553915822,0.24362852631259385,0.09581661010599633,0.13120965523312764,-0.10792558519582326,0.08114901256732487,0.0318711446196025,0.013463480309660047,0.049494597420703945,0.05747449382759395,-0.028396256857050606,0.8297872340425533,0.0207385814880503,0.021061688938837884,0.019349872910177757,0.0044518376208137434,1.1032851569421713,1.5806638275751548,1.4231629365881122,0.0907518320892608,0.31280801602468516,5.1932,5.1932,0.0,0.0230886245853883,0.030293063060405096,0.013109815906132107,0.45,-0.08388157894736836,0.03104060472080762,0.042476489723207826,-0.0356149587217677,0.014792022974430052,0.10200307769798996,0.41116548618408844,0.3491182017591735,686443765.0,27.45,2026-05-28,False,False,True,True
639,300684,中石科技,元器件,59.25925925925925,0.12212214518802787,0.9473515729598044,-0.06430701237047812,0.5022217954144801,0.021789205179475038,-0.2638832264753607,-0.19829984346170432,0.04474097331240179,0.120559016669473,0.01711753018493023,0.05718824463860206,0.09485148351964723,0.006807866868381307,0.9672333333333332,0.038422624188732435,0.033895154192269496,0.08855088512083653,0.005218114011430838,1.5548554432329236,1.2923083514411795,1.2172491757470003,0.09337805181952963,0.48901643303325215,7.9262,7.9262,0.0,0.037487648600801435,0.0406572001730765,0.012105468364027702,0.5,-0.10426618349530548,0.03929988333485471,0.05813321005628748,-0.04683321402342781,0.17711183636764616,0.07745040416222235,0.6990556448758494,0.18918799296371855,905487180.9,63.85,2026-05-28,False,False,True,True
705,601636,旗滨集团,玻璃,55.044699872286074,0.0715877076873964,0.24336836610779886,0.25229145450407486,0.24729452500216031,0.2596160980380831,-0.38092199633990165,-0.22194366515867986,0.039531478770131745,0.09907120743034059,0.04565537555228261,0.17744610281923712,0.07388641004310648,-0.03137789904502053,0.8159999999999996,0.03365348256825218,0.02536489450200392,0.03363906404711048,0.002976131245454608,1.1875999601826608,1.35569342935483,1.2617475715676019,0.08908945727060713,0.6313708664108959,6.1332,6.037863636363636,0.0,0.03328021969359086,0.039096623960284946,0.020840774031201787,0.45,-0.08931185944363107,0.03923754261506898,0.0605554501776151,-0.04776470564008743,0.027761091344105093,0.2759273815711888,0.5240558292282425,0.4116584564860434,789484695.55,6.95,2026-05-28,False,False,True,True
